AaronM
102
94
85
105
97
88
86
78
90
85
96
69
95
81
79
94
69
87
89
71
103
80
78
93
117
96
96
130
114
142
145
187
303
417
485
553
583
596
656
645
668
697
699
618
682
646
592
546
560
469
500
457
514
463
477
460
443
465
477
471
513
563
568
550
507
485
577
681
702
796
798
868
936
898
975
1096
1277
1341
1405
1542
1774
1882
2019
2078
2381
2416
2599
2911
3427
4604
6585
8409
7864
9244
10514
10548
11350
11634
12316
13075
13172
14689
14411
14457
13401
13134
12690
12678
14397
15314
14550
14240
14506
13825
14380
13286
11969
11166
10544
9852
9551
9534
8999
8859
8386
7799
8291
8933
8536
7966
7458
7610
7519
7289
7368
