AbigailF
12
8
14
11
13
9
15
13
18
20
9
11
11
21
13
15
15
15
11
7
14
13
18
20
8
11
15
12
13
12
16
18
24
14
25
38
37
41
26
31
33
24
29
32
31
37
30
33
40
33
25
27
30
32
30
37
36
45
50
53
48
40
48
63
56
53
77
78
72
113
111
137
152
167
148
181
189
188
193
206
228
233
264
255
244
211
190
245
263
280
362
392
395
481
605
614
830
797
1009
1225
1578
1813
1884
1909
1842
1846
1996
2001
2372
3402
3718
3798
3986
5184
7240
7821
8601
9626
11099
11680
13087
14803
15294
15918
15423
15747
15625
15462
15073
14382
14231
13237
12679
12387
12049
