AbrahamM
81
86
91
52
67
86
77
75
78
83
70
62
99
103
73
94
109
62
92
85
100
62
82
95
111
112
122
148
150
163
191
292
533
551
700
790
753
731
757
742
656
683
599
556
554
490
426
407
401
342
344
293
276
246
242
259
214
217
212
197
219
193
234
199
194
206
210
240
252
287
300
284
253
315
304
287
305
272
282
311
294
276
278
275
273
275
253
227
257
302
354
364
389
403
455
501
569
678
689
735
779
812
837
770
851
849
908
906
971
998
1131
1161
1143
1169
1221
1287
1334
1427
1540
1586
1680
1818
1795
1894
1985
2045
2203
2141
2146
2105
1923
1933
1950
2211
2368
