AdaF
652
628
689
778
854
876
915
910
1116
1005
1074
975
1134
1051
1018
1124
1041
956
1022
984
1101
913
921
843
878
873
819
906
922
945
960
939
1268
1282
1494
1817
1860
1853
1943
1818
1824
1756
1683
1638
1583
1500
1460
1345
1212
1128
1040
975
983
870
833
800
750
796
745
702
665
677
709
658
546
527
546
525
534
496
471
514
481
438
444
433
397
392
372
362
351
343
323
303
318
268
243
245
255
223
239
198
205
201
164
185
167
187
197
179
166
181
170
146
155
163
146
157
153
165
176
167
196
138
153
143
136
134
139
174
189
186
204
212
293
326
397
460
521
533
535
598
631
702
857
