AdamM
104
116
114
107
83
96
103
84
120
93
74
87
106
87
86
78
96
88
87
74
111
71
99
82
103
101
105
127
109
113
154
189
307
349
489
574
609
614
653
542
579
583
469
428
464
453
425
389
357
308
274
300
257
235
237
238
216
222
214
216
227
230
241
252
221
209
247
269
245
301
306
298
294
327
282
351
393
429
470
584
1021
1580
2156
2342
2855
2569
2502
2528
2546
2868
4320
5857
5748
6840
8438
8655
9946
11038
13919
17068
18874
20043
20100
23482
23934
20166
18154
16915
16454
16927
14708
12301
11900
11529
11017
10483
9554
8802
8355
8220
8133
7750
7749
7684
7470
6838
6791
6779
6088
5664
5096
5199
5307
5232
5318
