AddieF
274
287
341
362
356
406
417
393
455
448
468
467
493
416
481
471
485
461
481
412
541
399
469
441
432
465
447
471
445
453
495
497
578
605
708
808
823
836
881
846
904
836
856
756
763
760
654
703
591
583
510
458
446
415
422
395
341
423
389
333
349
339
321
287
284
278
266
283
277
283
245
243
202
207
189
168
180
171
146
157
125
104
107
95
83
75
60
48
46
51
52
40
53
58
83
95
99
111
95
101
102
84
84
67
74
76
105
101
113
111
111
98
86
115
129
139
126
137
157
142
159
190
178
182
187
251
214
234
221
233
206
236
231
197
206
