AdeleF
41
43
64
68
71
71
79
80
116
115
133
113
123
144
151
166
152
187
165
164
186
157
172
164
163
200
199
191
192
257
288
298
418
492
709
897
902
960
1030
886
944
890
901
788
812
738
683
713
636
554
559
499
487
362
396
365
359
371
371
309
322
313
355
366
332
330
399
435
470
440
433
433
477
444
422
382
362
315
293
300
271
275
241
204
190
186
165
116
110
131
104
108
99
104
102
103
97
112
76
99
89
96
87
100
87
74
74
82
80
76
91
88
72
84
91
91
79
91
83
98
94
102
90
116
112
116
110
148
156
235
287
461
564
441
363
