AdelineF
54
58
70
82
112
86
85
103
128
154
150
132
148
141
174
180
187
172
213
200
237
192
240
212
259
236
264
315
346
345
395
413
570
668
878
1097
1167
1235
1301
1261
1260
1246
1084
1077
1142
1022
944
806
721
614
555
491
462
371
326
283
264
245
238
214
202
189
172
174
171
136
162
150
134
128
112
104
118
92
92
78
92
67
83
68
73
61
66
65
59
45
52
39
36
35
41
32
29
33
41
43
23
32
40
33
42
53
38
40
37
52
46
52
57
71
55
74
70
76
99
107
127
161
181
228
282
321
364
403
479
520
676
839
910
922
989
1103
1342
1375
1529
