AdrianM
18
12
18
14
9
12
17
13
19
16
17
16
18
13
18
18
22
27
17
30
27
29
26
23
30
33
34
31
41
38
42
55
130
155
174
231
242
273
325
274
284
283
276
339
334
267
279
221
230
228
204
214
210
195
204
211
217
223
247
248
237
260
237
222
241
231
290
302
305
314
299
354
372
403
368
429
443
465
444
483
559
629
702
652
787
772
755
815
959
1044
1296
1508
1677
1612
1818
1955
2120
2260
2308
2364
2392
2467
2514
2543
2653
3130
2943
2846
3217
3418
3999
3919
3859
3752
3813
3910
4108
4114
5429
5066
5337
5424
5679
6109
6136
6715
7380
7731
7923
7631
7397
7327
6932
6830
6675
