AdrienneF
5
0
0
0
5
0
0
5
5
0
6
0
5
9
5
6
7
16
9
11
21
8
10
17
21
22
28
17
21
24
41
33
42
57
68
88
83
120
88
108
86
125
93
131
137
139
138
137
116
122
116
113
248
325
390
392
351
340
323
319
298
325
401
363
332
357
408
500
469
538
489
519
531
594
647
675
696
729
722
694
645
692
779
683
698
694
715
1031
1077
981
1003
984
944
885
972
1371
1431
1692
1733
1781
1670
1571
1727
2078
1649
1490
1321
1467
1426
1271
1209
1108
999
940
730
646
578
549
589
488
496
396
455
421
369
371
377
388
373
468
409
422
387
349
340
