AgnesF
473
424
565
623
703
695
779
896
1046
1033
1095
1125
1328
1393
1470
1466
1654
1579
1708
1611
1914
1525
1676
1616
1672
1718
1759
1829
1934
1974
2163
2315
2945
3205
3721
4795
4854
5067
5291
4900
4908
4797
4479
4223
4240
3911
3531
3339
3021
2771
2510
2303
2117
1873
1934
1588
1593
1420
1394
1299
1190
1093
1132
1054
962
824
868
839
834
721
748
656
626
642
524
563
508
494
418
425
429
396
354
320
278
259
202
193
154
129
120
132
121
94
94
86
65
63
65
71
77
93
69
82
63
67
69
70
76
79
76
67
69
55
58
61
64
47
64
63
68
60
53
62
57
59
68
65
61
81
67
96
122
123
191
