AileenF
6
0
0
8
10
0
7
8
10
14
13
14
18
29
40
40
37
44
48
49
67
73
86
63
89
67
99
72
99
103
123
150
192
231
298
390
354
365
357
371
457
454
453
420
521
503
534
463
486
356
343
286
291
228
212
174
190
157
144
131
136
118
136
209
166
149
185
199
180
150
160
212
184
218
188
208
178
191
201
216
229
243
245
216
248
254
212
210
210
242
236
192
195
189
190
170
148
151
159
149
212
211
213
254
265
237
251
217
256
238
230
254
254
277
247
235
303
441
525
492
501
550
505
526
567
632
558
645
648
684
645
633
602
478
541
