AlanM
6
0
9
10
5
5
6
10
12
9
17
12
11
21
13
19
14
16
27
20
27
25
29
23
28
38
31
45
59
55
102
158
184
238
251
310
333
330
433
375
479
588
626
803
836
808
965
1100
1303
1420
1339
1343
1368
1426
1756
1844
2240
2330
2377
2625
3135
3856
4276
5073
6491
7823
7393
7257
7736
8410
8310
8440
8705
9028
8724
8210
8227
8150
8357
8621
7710
6937
6809
5623
4946
4568
3988
3863
3560
3168
2577
2270
2234
2249
2188
2134
2119
2326
2670
2594
2683
2769
2700
2682
2643
2585
2754
2725
2639
2542
2604
2561
2433
2291
2446
2177
2138
2247
2413
2643
2622
3096
3062
3204
3471
3247
3026
2843
2512
2339
2282
2603
2494
