AlbertaF
76
64
90
72
102
97
98
116
147
130
165
167
189
179
227
242
258
294
302
304
541
386
417
483
517
577
548
627
641
738
832
801
1133
1196
1350
1675
1765
1818
1988
2017
1967
1929
1852
1921
1817
1844
1702
1706
1555
1569
1463
1354
1284
1156
1120
1054
1031
998
958
926
926
864
988
956
827
763
811
771
718
689
607
623
536
549
506
478
447
432
349
369
374
316
285
265
229
223
188
200
180
157
140
118
113
112
89
78
89
54
81
64
67
62
77
68
66
63
44
45
35
41
42
48
41
43
43
31
26
31
19
14
26
25
25
18
10
15
15
15
10
6
16
9
12
10
8
