AlbertM
1493
1319
1499
1496
1435
1429
1488
1294
1568
1353
1417
1207
1500
1353
1447
1391
1434
1377
1417
1210
1741
1317
1375
1337
1453
1532
1469
1636
1642
1816
2183
2478
4587
5449
6942
8825
9044
9157
9935
9608
9998
10157
9892
9825
9883
9512
9143
9130
8812
8071
7942
7131
6861
6086
5997
6091
5755
5668
5792
5476
5569
5927
6493
6304
5855
5431
6004
6462
6156
6063
5760
5762
5659
5432
5440
5163
5157
5036
4814
4601
4597
4318
4073
3890
3761
3421
3300
3167
2919
2935
3074
2685
2511
2290
2017
2018
1917
1950
1805
1859
1957
1942
2023
1824
1884
1797
1748
1765
1795
1762
1827
1696
1505
1433
1384
1327
1301
1176
1154
1115
1084
1091
983
951
864
867
858
830
822
729
697
720
722
695
692
