AlbertoM
6
0
0
0
5
8
0
0
5
9
14
7
0
0
0
0
6
6
12
6
10
11
12
10
20
18
11
17
20
28
39
40
67
77
68
81
89
114
123
148
133
127
182
149
158
148
166
151
157
144
132
110
127
129
115
127
104
121
139
127
148
147
130
165
172
194
193
223
241
222
298
349
328
338
372
375
418
410
496
540
524
460
493
527
546
557
639
711
717
669
676
695
745
716
706
681
780
827
900
933
1008
981
944
1040
1013
984
1096
1179
1353
1419
1348
1376
1313
1293
1247
1272
1238
1199
1199
1241
1229
1126
1124
1137
1015
1040
969
780
670
660
610
583
540
