AlexanderM
211
209
225
187
236
205
206
180
237
185
202
172
202
218
199
199
232
172
180
178
261
162
216
195
203
210
204
279
246
255
324
426
803
937
1169
1432
1584
1664
1591
1422
1475
1531
1359
1293
1382
1223
1151
1093
1048
986
872
792
775
660
616
700
613
676
665
723
761
818
860
925
865
890
965
1080
1131
1188
1166
1210
1288
1257
1238
1173
1241
1259
1188
1167
1203
1229
1225
1308
1291
1330
1370
1463
1774
2026
2475
2367
2123
2259
2366
2443
2448
2711
2746
3060
3279
4239
4587
4802
6483
8286
10596
11827
13326
14518
16183
17635
20063
20522
20096
19446
17959
17110
17464
17414
17280
16714
17708
17705
17917
18110
18215
18128
18685
18217
16746
15688
15219
14871
15362
