AlexM
147
114
172
120
148
159
161
136
167
127
147
133
163
133
152
143
165
130
149
133
192
138
154
138
169
166
176
186
199
227
256
268
482
604
789
1008
1094
1081
1207
1082
1070
1023
1002
939
979
902
804
888
800
774
759
728
684
604
623
579
563
565
603
596
619
641
680
659
620
640
706
796
765
729
752
694
700
715
742
714
809
900
1017
1164
1229
1219
1270
1308
1244
1249
1024
1131
1162
1215
1405
1371
1187
1252
1388
1328
1361
1615
1474
1652
1679
1873
1963
2153
3023
3902
5106
6040
6401
6538
6941
6672
7348
7636
7240
7422
6911
6855
6951
6826
6744
6613
6805
6791
6807
6480
6666
6268
5393
5161
4429
4023
3849
3539
3170
