AlfonsoM
6
6
9
0
0
8
0
7
7
5
10
10
8
7
10
14
14
19
11
35
23
23
22
31
36
30
42
39
57
60
69
131
156
152
184
212
228
237
220
284
321
305
342
353
331
326
339
336
358
375
345
323
277
271
265
287
270
291
282
271
261
265
269
274
261
299
355
379
351
356
354
352
397
411
385
372
415
384
391
382
399
353
397
390
383
367
381
357
361
407
417
385
426
394
433
382
412
415
441
447
460
429
419
399
457
489
437
500
496
537
573
531
544
528
493
508
505
485
490
476
428
468
455
458
455
457
499
430
382
304
279
282
286
262
