AlfredM
469
466
523
457
520
446
480
468
536
472
549
499
542
530
521
551
527
513
645
496
640
506
590
557
600
591
632
738
739
763
922
1158
2210
2577
3346
4232
4279
4423
4874
4614
5008
4925
4834
5008
4927
4797
4732
4749
6245
4934
4556
3944
3899
3264
3160
3119
3255
3179
3007
2988
3063
3050
3403
3446
3048
2895
3239
3413
3245
3187
3237
3193
3139
3120
3050
2975
2938
2822
2709
2546
2403
2281
2135
1988
1961
1655
1606
1634
1493
1497
1414
1370
1163
1075
973
949
902
951
895
835
864
815
834
807
748
674
672
680
721
634
642
577
570
524
453
449
423
378
371
338
348
345
284
274
267
280
281
301
278
262
225
219
212
207
287
