AliceF
1414
1308
1542
1488
1732
1681
1811
1819
2202
2145
2271
2015
2373
2434
2414
2457
2651
2431
2846
2523
3059
2562
3135
2996
3131
3611
4192
4107
4270
4170
4671
4812
6285
6934
8198
10525
10719
10990
11590
11142
11596
11956
11275
11331
11538
11572
10953
10679
10140
9478
9517
8815
8532
7695
7782
7445
7198
7123
7488
7369
7600
7445
7378
7648
7103
6358
7364
7845
6981
6659
6364
6311
5913
5744
5267
5070
4683
4435
4127
4152
4050
3582
3253
3066
2839
2567
2221
1929
1730
1716
1620
1506
1199
1188
1179
1055
955
858
792
777
738
745
746
699
686
668
707
770
821
741
771
724
686
684
594
579
592
578
593
650
668
631
654
699
755
753
843
949
1024
1274
1778
2192
2499
2932
3051
