AliciaF
7
7
8
0
8
11
8
10
10
12
7
11
13
14
15
12
14
17
15
18
11
7
15
20
16
16
21
36
32
31
44
46
57
54
75
95
110
118
125
149
141
164
185
220
228
270
308
293
301
334
289
251
232
237
223
274
274
313
354
309
359
359
394
424
460
562
747
687
707
769
825
870
914
923
1027
1036
1100
1048
1367
1642
1671
1980
2218
2418
2357
2224
2305
2567
3047
3317
3593
3267
3433
3435
3720
3793
4401
4748
5547
5751
5857
5614
7492
7819
7121
7015
6777
6697
6818
6510
5557
4908
4430
4102
3908
3859
3783
3407
3013
2761
2657
2816
2541
2514
2339
2129
1947
1861
1559
1426
1227
1195
1018
972
