AllanM
20
18
15
19
30
19
25
21
30
31
37
19
33
28
31
22
34
30
36
28
64
39
56
37
45
48
49
53
68
74
82
101
221
230
307
441
446
451
477
481
535
576
595
597
692
718
780
721
846
928
986
1000
1008
934
993
1015
1128
1338
1541
1411
1607
1492
1764
1640
1502
1580
2060
2188
2060
1935
1892
1966
1935
1851
1955
1843
1633
1574
1605
1433
1474
1342
1281
1223
1170
1095
988
858
873
813
806
780
626
560
534
577
506
491
507
528
538
552
590
589
585
517
510
538
590
591
605
601
595
572
531
539
449
486
497
513
483
488
495
624
588
554
513
506
477
471
403
350
339
369
333
