AllenM
184
172
206
175
182
184
211
202
260
222
189
173
224
180
219
196
219
226
185
191
223
199
227
219
228
272
282
309
287
312
355
402
730
903
1049
1458
1573
1592
1780
1653
1866
1938
1887
1875
2044
2036
2018
2101
2135
2187
2278
2306
2419
2204
2244
2310
2312
2517
2832
2926
3031
3055
3571
3627
3419
3483
4292
5073
4761
4734
4840
5179
4960
4853
4821
4751
4594
4430
4506
4365
4375
4387
4266
4344
4105
3840
3414
3127
2965
2894
2934
2674
2306
2079
2102
2036
1970
1820
1828
1942
2208
2060
2217
2245
2125
2187
2118
2170
2209
2359
2218
2108
1918
1899
1746
1547
1466
1405
1311
1313
1346
1384
1378
1315
1294
1223
1225
1192
1137
1030
968
998
957
914
856
