AllieF
105
98
113
146
148
176
178
183
223
236
229
192
244
214
232
252
221
265
271
219
286
214
261
247
261
298
225
265
245
272
237
253
322
293
350
429
443
420
427
441
413
428
400
401
397
358
328
328
289
236
268
201
216
229
200
209
178
160
152
142
147
131
123
131
103
70
89
90
94
76
90
56
48
46
57
67
51
44
39
45
30
42
24
26
28
13
24
19
17
15
22
28
28
20
30
31
28
49
33
34
36
44
34
44
79
133
226
269
275
375
400
410
418
528
566
569
581
664
972
845
734
777
799
971
1104
1280
1507
1487
1463
1405
1634
1574
1545
1457
1269
