AlmaF
277
293
368
359
480
515
603
623
853
819
922
929
1056
1055
1177
1144
1243
1213
1299
1146
1372
1195
1229
1244
1257
1333
1266
1347
1474
1375
1630
1611
2183
2297
2648
3248
3403
3407
3650
3438
3584
3589
3233
3070
3241
2997
2989
2846
2499
2388
2379
2117
2044
1839
1901
1678
1608
1628
1557
1497
1429
1363
1406
1337
1216
1080
1172
1186
1159
1053
1052
980
1029
1090
1011
963
947
981
767
814
788
788
714
670
615
551
598
604
544
509
533
584
568
554
594
520
580
564
513
579
658
686
602
523
530
547
520
492
511
616
683
667
700
645
583
583
564
535
523
528
547
522
506
417
452
477
473
413
369
347
316
294
311
397
415
