AlonzoM
122
111
133
100
112
104
106
88
110
102
88
74
104
71
102
85
89
84
104
78
116
67
81
56
76
93
85
82
57
95
90
128
177
184
204
267
274
286
287
321
308
315
319
321
342
294
298
287
265
238
268
235
271
251
254
242
205
226
233
249
256
224
245
262
235
219
259
300
351
297
365
384
342
393
371
416
418
375
455
441
465
475
536
460
450
422
385
405
384
415
404
418
369
356
337
331
302
359
282
334
363
310
324
323
321
313
370
406
460
426
429
429
398
421
468
453
407
450
394
410
434
375
433
436
420
452
450
432
482
411
434
453
453
544
524
