AltonM
14
11
18
28
16
29
16
15
18
26
21
20
32
24
28
26
31
34
27
33
43
26
38
84
302
164
106
120
119
101
122
156
300
372
419
568
605
603
642
630
683
689
741
676
678
708
778
760
814
716
756
706
717
668
712
698
675
835
765
680
692
636
625
658
640
553
610
654
697
601
636
649
613
603
596
614
599
564
571
541
528
539
479
458
463
403
371
403
380
352
344
364
293
322
276
240
264
273
235
244
251
240
263
238
195
207
189
191
242
194
209
221
183
181
161
152
136
147
164
128
136
111
156
156
147
134
147
165
162
149
122
131
165
150
162
