AlvinM
102
105
132
113
145
125
112
128
157
137
147
121
164
163
167
179
183
186
184
173
223
179
201
222
247
258
239
245
307
363
401
460
929
1144
1532
2006
2093
2142
2408
2383
2523
2687
2599
2646
2759
2777
2693
2884
2749
2554
2512
2300
2274
2126
2146
2166
1967
1987
2061
1942
1912
2013
2070
2201
1963
1860
2048
2215
2271
2153
2269
2385
2339
2106
2369
2359
2425
2383
2182
2253
1994
1868
1711
1500
1459
1331
1239
1223
1111
1064
1086
1033
884
868
812
856
767
762
800
816
869
806
784
707
690
705
676
729
688
822
749
693
633
647
556
544
496
538
515
513
508
528
528
469
477
512
511
515
652
467
490
460
502
453
458
