AmandaF
241
263
288
287
337
339
370
338
404
413
392
371
455
387
418
431
367
354
371
326
377
317
301
247
294
311
260
285
260
271
278
280
310
346
375
412
421
445
397
379
379
392
341
362
341
310
310
234
247
209
196
209
213
199
189
211
192
176
192
185
218
223
295
284
238
280
274
310
306
333
379
409
418
428
428
452
643
667
796
858
977
1057
948
1035
1275
1650
2329
2663
2430
2817
3550
4133
4181
5627
7476
12653
15591
18280
20522
31927
35819
34373
34210
33754
33906
39050
40522
41786
39451
36827
34405
28887
25034
20809
18715
16345
13973
12239
10908
9741
8550
6963
6132
5339
4677
4088
3355
3038
2439
1952
1655
1409
1228
1064
1048
