AmberF
9
5
0
0
6
0
0
9
9
8
10
10
10
15
12
16
17
15
15
11
15
13
9
7
29
18
16
24
20
19
28
14
19
35
38
39
52
40
29
33
28
38
34
24
28
35
29
26
37
25
21
23
15
11
28
20
22
12
21
19
20
20
19
22
25
65
98
87
89
93
87
97
108
99
107
129
122
137
163
208
282
335
376
402
479
526
529
628
887
1027
1290
1720
1814
2182
3274
4681
5648
7206
8173
11080
12555
13814
14676
14887
15367
15504
16950
16747
16678
16757
15862
14992
13913
14064
12345
10962
9771
8912
7929
6840
6181
5572
4723
4120
3635
3138
2586
2402
2059
1767
1409
1232
1231
1110
1053
