AmeliaF
221
235
252
262
315
298
326
344
358
346
368
353
385
385
390
379
365
408
360
332
398
350
355
347
353
365
358
380
370
388
449
430
672
721
926
1115
1159
1160
1115
1085
1054
995
1033
964
911
888
745
755
755
687
680
591
637
608
553
604
580
646
570
489
504
529
543
560
475
475
547
538
564
589
483
533
550
550
510
531
525
522
483
501
541
573
494
503
502
475
430
450
390
464
492
482
406
441
507
524
523
601
643
703
768
849
834
759
1094
1014
1018
1006
1128
1265
1511
1535
1344
1248
1253
1206
1289
1316
1422
1419
1531
1634
2440
3093
3350
3906
4061
4191
4345
4694
5454
6363
7238
8023
8770
