AmosM
128
102
134
113
137
114
121
104
94
114
114
104
117
105
108
96
110
94
96
79
125
83
95
83
96
102
118
125
119
116
124
168
243
312
367
474
478
461
523
524
493
546
558
506
506
489
454
522
439
377
461
366
379
345
339
301
292
287
297
277
278
278
267
279
283
263
250
305
290
275
286
294
306
310
281
286
251
251
284
260
261
256
230
209
201
225
180
188
154
182
148
208
157
206
222
204
215
252
259
280
262
270
244
227
257
232
210
212
224
178
202
196
186
212
173
161
138
155
145
150
160
157
162
165
163
162
150
203
178
198
177
245
276
288
362
