AmyF
167
145
196
209
205
240
226
251
236
252
275
266
331
281
329
303
320
315
341
281
335
244
255
242
255
269
240
247
245
244
287
296
371
387
472
624
595
610
573
609
624
619
612
596
605
561
493
446
366
343
386
347
341
303
321
325
334
326
354
364
389
423
473
465
447
440
521
577
611
984
1185
1444
1753
2304
2674
3196
3552
4076
4822
5584
5972
6614
7182
8231
9579
11528
13002
16129
17089
21468
25212
26238
25872
26965
29567
32252
31343
26731
23216
21613
19832
20344
18801
17095
15992
14422
13452
11786
10032
8897
8457
7274
6342
5422
4690
4527
4070
3690
3485
3203
3171
2935
3095
2878
3114
2952
2744
2828
2539
2483
2280
2190
2233
2231
2186
