AnaF
5
9
7
7
13
6
10
0
12
9
16
8
7
10
10
10
12
8
16
13
18
6
16
15
9
26
18
21
15
13
11
34
24
23
32
43
34
51
57
58
66
67
67
64
61
60
71
89
82
83
99
73
67
59
84
78
80
63
79
70
66
78
89
108
114
121
133
167
225
234
223
259
286
324
387
387
467
475
541
577
619
647
689
768
756
812
820
844
924
960
1046
1066
1085
1094
1177
1158
1164
1135
1136
1138
1323
1440
1358
1308
1389
1469
1637
1646
1661
2271
2609
2649
2326
2364
2211
2358
2307
2317
2258
2110
2423
2515
2533
2591
2346
2354
2411
2223
1952
1822
1572
1328
1454
1338
1517
