AndreaF
5
0
0
7
6
9
7
7
10
6
8
16
13
15
12
18
11
16
16
13
12
21
14
21
11
14
22
30
27
27
24
33
58
59
69
60
66
85
93
107
104
111
93
133
148
129
111
106
107
144
88
123
158
131
133
151
181
428
648
708
720
934
1419
2027
1933
2302
2509
2366
2143
2196
2447
2769
2721
2720
2765
3393
3371
3241
3751
4217
4325
4538
5004
5384
6080
7144
7411
7090
7205
7707
8478
8014
7767
7479
8043
8357
9786
10467
10335
10452
11682
11377
10413
10346
10049
8634
8488
8392
8408
8211
7993
8021
7236
6476
6007
5670
5405
5131
5066
5477
5744
5117
4976
5054
4666
5003
4796
4259
4058
3567
3507
3042
2813
2552
