AndrewM
644
588
673
623
616
599
614
520
615
561
575
521
637
520
594
562
566
555
611
578
718
480
558
551
547
620
611
708
722
766
884
1098
1946
2222
2965
3573
3723
3751
4139
3851
4026
4015
3804
3747
3746
3615
3345
3437
3142
3078
3058
2713
2646
2345
2445
2289
2278
2405
2407
2441
2430
2709
3144
3350
3054
3008
3759
4340
4308
4518
4936
5375
5579
5618
5651
6010
6593
6996
7102
7105
8212
8484
8710
9525
10501
9687
10241
9975
10566
11298
12000
10926
10130
10739
11787
12776
13323
16039
16743
18633
19726
20226
22833
25570
25910
30160
33853
36199
35727
34809
33653
31525
30534
27314
26006
25843
25231
25191
23648
23850
23633
22405
22016
22146
21697
20722
19707
18441
16747
14849
14227
13262
12599
11638
11124
