AndresM
14
6
8
9
6
8
10
8
0
8
8
0
6
8
9
8
5
8
10
6
5
13
0
10
15
15
14
0
19
19
21
24
33
45
42
56
57
58
76
70
99
91
104
109
104
90
80
104
121
100
123
81
86
104
93
87
87
78
80
75
82
93
105
109
104
107
111
125
140
133
151
134
150
180
139
154
153
182
169
207
211
200
230
225
260
251
277
296
297
334
346
395
371
403
521
496
487
589
582
636
738
817
890
938
919
1043
1058
1103
1221
1307
1497
1522
1708
2104
1964
1915
2169
2201
2177
2370
2353
2601
2438
2327
2392
2571
2597
2718
2503
2255
2087
2157
1944
1794
1706
