AndreM
6
0
0
0
0
0
0
0
0
0
5
0
5
0
0
0
7
0
6
0
0
0
0
0
0
0
0
10
0
9
8
10
12
18
26
35
25
27
26
36
38
47
43
48
53
56
58
75
71
79
74
83
69
77
78
78
77
115
110
92
116
136
137
130
136
157
167
217
259
250
293
377
418
630
708
683
842
1056
1119
1274
1401
1499
1601
1702
1896
1804
2028
2153
1969
2063
2509
2418
2153
1954
1999
2105
2114
1970
2034
1882
2080
2055
2199
2085
2308
2283
2052
2091
2150
2273
2295
2284
2389
2281
2379
2145
1964
1800
1766
1781
1796
1740
1698
1751
1916
1825
1871
1830
1704
1646
1540
1493
1455
1313
1270
