AndyM
58
58
51
43
55
55
49
54
60
45
53
59
73
51
44
39
45
50
40
41
54
34
42
45
46
38
45
55
56
53
76
63
113
150
225
277
291
298
361
285
315
314
303
291
266
255
244
305
258
255
258
242
217
232
211
218
225
233
243
252
257
278
324
344
329
347
429
457
486
456
401
426
424
470
501
572
674
975
1134
1310
1428
1374
1417
1484
1470
1174
997
941
907
944
955
846
770
773
897
928
914
973
968
1011
968
969
927
836
739
762
717
807
833
902
956
1039
1161
1150
1136
1103
1285
1422
1433
1563
1694
1784
1716
1627
1784
1918
1899
1827
1810
1658
1475
1269
1268
1186
1266
