AngeloM
5
8
0
10
9
13
8
9
13
12
9
13
16
19
13
13
21
21
19
27
33
36
38
41
48
56
58
82
98
135
181
384
478
643
799
865
856
863
843
922
1045
978
990
961
895
840
894
811
794
729
668
607
519
494
492
406
413
376
394
395
395
435
366
334
285
356
444
428
391
438
444
499
484
573
578
648
722
624
711
663
754
715
780
695
660
601
636
519
535
591
529
537
510
551
546
553
574
535
547
601
582
608
617
570
639
562
627
648
704
739
772
761
745
712
714
776
886
944
937
990
1046
1085
1158
1216
1293
1312
1336
1199
1148
1156
1120
1063
1112
1100
