AngelM
8
0
5
5
0
0
0
0
5
0
0
7
6
0
0
0
0
0
0
9
9
10
13
12
26
30
37
30
63
55
55
70
85
70
90
82
112
122
130
131
136
131
166
107
125
100
119
94
97
103
91
86
90
108
105
117
114
125
137
171
223
186
235
274
312
330
437
433
497
566
531
604
664
667
690
649
697
722
767
774
831
938
1037
999
957
1047
1110
1092
1138
1244
1247
1307
1418
1299
1443
1348
1416
1559
1648
1655
1827
2174
2405
2685
3049
3036
3476
3734
3912
4514
4769
5401
6304
6974
8185
9152
9508
10981
11594
11363
10347
9841
8762
7526
7013
6353
6284
