AngelaF
7
9
24
22
20
18
24
33
33
42
45
29
63
67
64
70
60
95
98
80
107
89
116
132
124
148
123
174
183
204
260
292
398
447
590
698
715
742
721
654
665
671
640
666
600
560
572
602
621
675
640
619
608
577
626
618
595
784
717
733
727
821
1016
933
1006
1059
1279
1648
1802
1968
2058
2139
2642
3179
3546
3892
5031
5324
5757
6777
8679
10837
11658
13276
16259
18753
18531
19541
20664
21053
24926
25886
23558
20893
22799
23354
22043
20996
20509
20258
17968
15917
15002
13219
11294
10226
9268
8580
7911
7200
6664
5799
5076
4568
4414
4118
3864
3650
3369
3629
3822
3912
3710
3317
3157
2893
2922
2752
2536
2256
1913
1670
1636
1640
1730
