AngelineF
25
21
29
34
35
27
27
52
57
57
70
65
80
69
68
82
88
89
111
105
133
110
129
152
151
154
170
190
188
232
276
321
386
478
632
922
940
941
949
894
918
986
935
905
823
821
746
689
672
613
547
465
470
390
356
320
286
286
234
266
214
207
189
178
175
135
147
174
165
159
157
173
115
144
145
137
113
99
109
96
103
101
115
102
138
111
110
141
143
144
193
188
158
169
178
174
140
141
155
158
179
174
169
132
143
134
144
157
148
159
163
164
165
176
140
120
128
147
147
166
179
200
220
230
231
269
311
498
372
332
313
362
364
301
323
