AngelinaF
9
8
11
26
17
18
13
20
37
29
35
41
50
53
69
53
73
82
94
96
115
122
118
149
161
171
189
197
251
227
249
359
387
520
686
826
871
886
935
940
1036
1075
1026
1049
1083
1026
870
899
872
778
833
616
605
441
389
368
358
344
311
308
227
265
254
264
187
209
233
251
213
242
268
211
274
234
262
258
261
250
226
241
238
238
291
279
361
418
462
421
467
534
530
513
578
569
626
683
663
681
673
838
795
877
850
817
763
789
813
790
810
893
1099
929
965
904
914
907
919
1078
1167
1327
2139
3368
3976
4269
4907
5807
5517
4852
4296
3632
3133
2858
2396
2109
2119
