AngieF
36
44
34
36
32
29
42
43
51
63
56
69
50
42
45
59
60
54
54
53
69
54
54
64
39
58
66
60
72
67
87
83
99
114
151
207
204
199
246
210
181
230
198
212
213
208
207
242
185
202
223
207
232
209
202
197
216
194
224
222
237
226
210
228
192
214
213
237
228
268
244
214
242
254
261
322
375
462
584
728
989
1117
1223
1376
1535
1695
1394
1239
1293
1161
1296
1263
1016
985
1590
1947
1709
1390
1221
1367
1045
784
736
580
464
442
438
453
365
361
395
338
341
306
340
308
348
352
404
480
539
733
767
803
829
836
836
1013
975
994
753
619
620
602
558
