AnitaF
16
23
20
27
36
34
40
41
59
69
68
66
82
119
107
126
139
144
198
142
176
184
163
202
190
209
215
242
277
291
338
381
540
562
720
1116
1339
1573
1482
1504
1934
1924
1762
1869
1853
1764
1617
1629
1725
1977
2184
2080
2097
1904
1785
1931
2304
2711
2638
2588
2827
2741
2998
2951
2826
2766
4027
4187
3614
3589
3569
3785
4131
4407
4410
4721
5498
5812
5774
5479
5637
5501
5514
5470
4906
4021
3871
3516
3046
2916
2894
2680
2232
1987
1936
1719
1509
1514
1221
1139
1152
1054
1010
899
863
737
745
737
715
678
642
580
547
490
439
400
394
406
350
321
314
297
266
245
266
223
212
210
237
198
173
181
151
148
164
