AnnF
131
130
150
167
214
208
229
239
295
341
328
337
393
397
470
551
488
545
593
586
736
634
753
774
880
996
1064
1264
1354
1478
1842
1882
2666
2998
3887
4896
5343
5455
5613
4924
5041
5058
5054
5022
5036
4933
4779
4784
4929
5174
5533
5853
6196
6209
6639
6707
6662
6710
6990
6549
7194
7122
7668
7827
7080
7037
8077
8895
8023
7870
7925
8416
8657
8576
8755
8909
8985
9040
8849
8920
8676
8218
8124
7979
7758
6779
5993
6251
6182
6133
5736
4559
3360
3256
2931
2716
2436
2453
2318
2266
2171
2124
1920
1812
1694
1442
1302
1205
1171
1088
1125
1025
945
848
785
743
664
626
554
583
545
505
525
497
402
433
386
368
343
287
283
254
268
279
283
