AnnaF
2604
2698
3143
3306
3860
3994
4283
4227
4982
5062
5233
5099
5542
5695
5565
5950
5860
5429
5773
5115
6114
4923
5288
5098
5330
5424
5502
5575
5860
5804
6436
6753
8586
9687
11865
15120
15228
15160
15666
14499
14581
14475
13406
12864
13079
12250
11699
11215
10570
9751
9079
8429
7920
7072
6678
6163
5724
5448
5139
4931
4718
4430
4487
4232
3635
3608
3998
4239
4038
3896
3817
3866
3715
3837
3994
4093
4384
4445
4659
4870
4653
4665
4440
4246
4285
3920
3670
3717
3558
3715
3794
3574
3445
3497
3610
3570
3582
3851
4167
4664
5032
5187
5269
5219
5304
5881
5904
6162
6438
6892
7290
7115
6845
6805
7522
8559
8554
8336
8374
9092
10581
10570
10383
9440
9512
9097
8600
7883
7262
6797
6315
5649
5604
5363
5663
