AnneF
136
131
168
183
242
203
211
249
292
311
319
342
407
400
427
462
423
479
496
476
614
504
564
581
631
708
835
980
1088
1110
1413
1598
2369
2684
3365
4333
4571
4603
4567
3975
4114
4006
3972
3728
3629
3320
3108
2929
2823
2882
3094
2977
2969
2766
2784
2893
2756
2723
2886
2768
2898
3096
3523
3534
3211
3408
4115
4187
4122
4050
4458
4873
5256
5255
5302
5211
5359
5479
5455
5742
5632
5519
5275
5329
5412
4725
4156
4099
3914
3710
3439
2920
2266
2449
2463
2284
2224
2354
2469
2734
2779
2806
2445
2305
2236
2021
1917
1868
1851
1879
1926
1672
1684
1483
1432
1385
1324
1344
1135
1083
1081
1023
940
796
765
709
689
608
634
557
484
485
525
572
558
