AnnetteF
28
26
27
45
40
49
40
47
45
53
63
53
87
63
61
88
79
91
101
94
113
106
115
98
123
123
126
152
185
182
232
227
342
408
526
660
773
775
846
800
868
866
851
887
868
838
780
782
780
731
780
741
683
753
872
1475
1853
2157
2150
2066
2003
2023
2042
1915
1666
1574
1920
2141
1934
1958
2131
2254
2155
2489
2280
2343
3755
4894
6123
6921
7137
6191
6078
6044
6190
5259
4428
4007
3470
3105
2890
2466
1869
1605
1381
1364
1299
1136
1045
1000
970
947
862
723
696
656
605
587
573
483
470
448
430
363
338
334
294
290
281
287
309
352
433
330
389
340
304
320
256
231
244
202
213
178
181
