AnnieF
1258
1326
1492
1589
1739
1703
1765
1844
2188
2123
2220
2096
2348
2251
2393
2390
2358
2307
2470
2289
3324
2396
2664
2551
2631
2793
2774
2891
2820
2904
3519
3298
4083
4267
4800
5936
6105
6404
6742
7148
7267
7208
7476
7097
7348
7348
6876
6563
6327
5952
5754
5092
5381
5124
5018
4853
4527
4480
4562
4150
4215
4080
4290
4065
3742
3739
3649
3758
3719
3453
3330
3061
2840
2558
2413
2222
2110
1833
1723
1586
1477
1302
1295
1120
1031
818
734
692
610
570
499
490
438
464
464
485
464
541
662
908
1002
973
1015
802
793
830
718
658
721
741
821
736
730
762
801
925
994
924
917
982
1038
977
974
919
813
835
806
779
822
857
810
822
829
897
1049
