AnthonyM
130
128
139
143
179
153
174
153
193
219
189
170
255
220
257
221
276
249
325
291
406
323
420
399
422
490
542
593
690
758
980
1288
2480
2781
3695
4722
4749
5027
5168
4737
4947
5238
5092
5116
5195
5038
5061
4921
4715
4730
4677
4300
4224
3972
3839
3908
3978
4334
4687
4610
4768
5236
6211
6203
5604
5686
6774
8015
7879
8450
8627
9846
11192
11690
13135
14158
15555
17033
17434
17952
19508
20192
20107
20248
20141
20336
20629
20888
20239
20904
21189
19229
17460
16418
16395
16500
16618
16799
16814
17529
17615
18573
19645
19827
20951
22082
21951
23115
23626
24419
25074
24440
23162
21786
21599
20480
20501
20027
19627
19469
19647
19728
19579
20142
19597
19367
19395
19614
18382
16291
15475
14250
13173
12234
11538
