AntonM
77
57
64
63
64
74
62
67
72
74
73
51
71
75
64
63
46
43
51
52
58
50
53
56
45
55
44
52
63
61
74
77
159
216
286
357
334
343
314
327
259
261
245
223
202
183
192
165
163
155
146
149
137
140
112
104
107
124
133
106
106
117
106
129
119
113
117
120
92
108
124
123
134
108
121
149
121
134
127
141
153
115
140
158
152
113
126
184
186
211
209
193
213
200
180
236
189
176
188
301
285
234
243
267
227
226
217
215
231
219
277
232
224
194
317
332
217
220
253
252
251
258
290
251
244
268
300
250
259
205
193
191
204
190
238
