AntoinetteF
19
29
35
44
35
41
46
47
66
69
66
69
72
63
91
96
91
97
126
130
134
141
143
159
186
181
210
254
266
296
320
388
507
646
830
1047
1063
1177
1149
1090
1162
1235
1271
1250
1333
1172
1159
1032
1026
936
975
879
787
644
617
628
661
687
739
765
741
731
868
799
733
735
779
993
971
889
862
899
968
879
959
847
951
944
856
877
933
1006
994
1055
1025
994
951
1032
964
980
1020
967
803
759
685
645
610
553
537
621
590
665
686
632
651
691
780
788
745
702
753
593
515
447
401
364
349
318
285
261
214
204
146
129
145
150
121
143
108
116
93
83
83
72
93
