AntoniaF
18
13
28
18
30
33
31
26
44
35
37
36
41
41
55
53
52
35
53
53
52
58
43
57
61
67
57
72
74
69
73
109
146
171
202
235
248
264
292
252
312
338
280
299
334
281
327
335
302
289
256
232
225
236
216
213
218
222
196
205
199
233
261
242
265
254
286
293
356
324
310
329
364
319
357
329
325
263
302
284
257
274
238
251
250
278
247
225
226
286
307
288
283
292
309
255
298
264
280
269
334
340
315
325
338
347
342
343
357
309
337
309
342
303
318
437
669
513
465
432
413
414
399
345
329
306
257
272
250
197
207
232
222
241
272
