AntonioM
26
26
29
30
34
27
32
38
47
31
34
31
31
32
24
36
35
33
43
41
75
52
96
72
68
73
80
126
99
120
158
166
270
309
391
527
551
579
589
578
706
745
665
729
690
695
731
697
748
734
736
624
542
475
493
501
490
445
484
436
460
443
519
567
499
586
669
730
775
850
922
915
1076
1105
1162
1199
1238
1322
1306
1376
1496
1584
1775
1700
1753
1781
1914
1983
2147
2440
2742
2951
3018
2960
3177
3483
3772
3657
3679
3801
4089
3921
3883
3679
3879
4147
4404
4420
4460
4717
4864
4613
4344
4301
4174
4337
4864
5068
4943
5027
4888
4734
4724
4715
4837
4689
4691
4631
4370
3907
3523
3312
3109
3016
2886
