ArchieM
183
125
195
166
206
196
175
184
191
195
221
201
214
194
207
212
230
190
222
177
216
161
186
192
185
184
216
250
223
235
265
272
496
583
648
794
806
939
1110
1020
1037
980
1023
938
1038
916
921
848
860
732
768
755
716
659
658
680
648
645
580
622
601
656
679
614
621
544
622
675
660
630
552
586
591
594
542
579
545
552
466
481
447
397
389
412
391
308
303
275
314
319
338
319
266
230
216
202
202
187
189
192
177
166
157
148
142
134
123
109
115
104
108
99
90
73
92
75
70
58
49
68
50
54
55
62
69
64
69
51
75
87
79
73
93
83
109
