ArleneF
9
5
11
13
19
17
19
23
33
28
30
33
47
38
47
67
59
77
107
101
143
160
207
226
325
471
608
864
1105
1208
1340
1427
1594
1837
1884
2090
2276
2275
2521
2562
2521
2400
2507
3216
3109
3187
3914
3684
3898
3807
3891
3576
3258
3290
3332
3145
2714
2772
2800
2908
2480
2395
2389
2502
2329
2304
2081
1979
1808
1693
1775
1794
1624
1553
1342
1297
1223
1051
911
772
720
738
717
605
501
501
435
408
415
390
355
325
371
413
421
369
350
347
353
364
341
341
314
332
369
343
297
297
302
318
304
313
286
279
316
285
243
306
241
225
233
194
207
179
155
159
149
