ArnoldM
37
29
42
42
49
33
41
38
51
42
52
57
80
80
79
96
102
103
112
98
122
110
107
134
149
144
164
177
202
237
258
348
767
1032
1174
1691
1858
1781
1910
1767
1910
1983
1895
1925
2012
1974
1881
1999
1974
1979
1948
1835
1820
1748
1781
1879
1712
1725
1819
1618
1579
1600
1684
1701
1461
1404
1573
1797
1638
1590
1510
1429
1465
1387
1281
1314
1215
1271
1131
1190
1203
1153
1154
1141
1043
946
815
778
660
610
569
500
474
388
332
321
304
280
251
276
275
261
267
257
255
193
242
269
271
287
327
322
311
327
265
236
239
245
234
188
218
219
180
213
191
152
133
137
127
125
89
112
88
94
81
