ArthurM
1599
1575
1686
1591
1690
1516
1656
1489
1710
1668
1610
1514
1768
1635
1712
1666
1821
1647
1619
1357
1853
1329
1486
1435
1495
1505
1486
1553
1601
1665
1942
2376
4685
5422
6641
8563
8922
9283
10104
9539
10239
10525
10120
9919
10172
9984
9464
9342
8878
8470
8278
7526
6915
6519
6446
6543
6263
6313
6520
6381
6508
6738
8026
7781
7254
6803
7537
8254
7584
7476
7160
7410
7235
6994
6853
6575
6279
6057
5663
5467
5197
4813
4435
4276
4150
3777
3485
3308
3042
3139
2983
2815
2397
2207
2075
2025
1902
1973
1874
1863
1817
1802
1795
1745
1699
1713
1568
1556
1553
1533
1541
1475
1412
1240
1161
1111
1008
973
982
874
915
879
844
795
792
830
792
818
862
811
727
890
865
1026
1143
