AubreyM
21
15
16
20
18
11
10
34
18
15
21
20
35
32
39
37
50
46
45
42
62
43
49
56
60
69
67
76
67
84
105
107
236
255
313
394
429
437
428
392
478
479
467
450
457
457
497
393
429
395
392
383
406
357
372
348
361
376
388
389
354
373
400
373
321
291
334
307
319
299
293
341
312
348
338
297
369
374
360
339
275
260
256
247
243
193
200
192
208
196
204
218
180
169
174
199
162
175
177
184
176
191
191
189
190
233
231
199
210
190
203
190
209
198
230
209
206
196
178
183
189
165
172
137
145
148
142
138
135
144
143
142
152
136
134
