AudreyF
11
7
14
25
29
26
39
41
61
85
68
77
75
83
102
108
99
124
129
196
134
210
276
276
272
278
324
370
371
453
527
745
884
1070
1565
1852
1907
2022
2114
2666
3434
3162
3281
3521
3543
4479
4376
4627
4461
4129
3789
3732
3612
3581
3514
3345
2888
2845
2567
2502
2232
2285
1941
1644
1644
1834
2001
1839
1794
1804
1825
1868
1940
2455
2553
2542
2581
2340
2309
2278
2059
1974
1799
1869
1660
1769
1681
1423
1360
1309
1131
918
913
969
937
990
973
1062
1180
1222
1285
1542
1467
1486
1446
1486
1487
1552
1684
1797
1758
1743
1947
1929
1770
1915
2007
2202
2456
2871
2949
3306
3997
3899
4133
4647
5248
5437
5007
4949
5206
5294
5588
5555
