AugustM
210
172
234
209
213
193
203
194
213
171
206
186
181
155
162
190
180
137
164
142
148
116
108
116
127
109
120
134
138
129
144
166
343
401
533
709
676
661
618
619
609
610
596
544
574
515
460
494
422
453
432
423
365
337
294
269
288
300
249
248
257
238
279
249
239
200
231
250
241
249
203
202
193
216
192
149
183
185
154
165
148
161
123
131
127
110
105
119
100
111
110
118
99
91
109
104
107
107
95
103
108
105
103
90
108
117
131
115
122
152
146
153
165
168
196
248
223
258
311
283
310
290
281
304
301
343
384
413
582
650
646
717
945
1040
1531
