AuroraF
6
6
8
10
11
0
9
15
13
7
8
15
16
20
14
15
26
16
14
17
21
25
19
28
31
43
35
53
46
53
61
66
102
90
107
147
182
185
226
223
274
329
281
338
357
341
327
360
361
348
325
258
256
211
211
196
193
177
190
178
154
171
223
228
203
213
211
247
199
182
217
188
198
188
167
180
173
164
150
157
176
149
173
153
156
178
175
163
158
131
164
177
153
176
174
178
184
185
167
194
207
211
241
175
206
208
216
252
236
273
293
269
321
365
318
324
355
430
503
519
557
683
664
810
988
949
1067
1066
1171
1487
1525
1722
1902
2123
2731
