AustinM
53
66
65
43
70
54
64
47
79
68
63
65
71
40
55
55
62
54
65
56
66
68
64
50
66
76
83
56
84
102
101
101
223
258
320
424
441
409
483
430
467
437
456
448
420
434
431
417
386
363
385
350
274
294
251
222
250
239
212
210
245
235
297
289
240
244
261
257
235
188
242
252
216
210
238
204
225
241
198
192
204
206
201
222
213
210
200
206
194
185
254
265
237
274
311
420
519
685
890
1001
1164
1454
1801
2044
2337
2724
3200
4088
5584
6883
7909
9056
11452
17577
23193
25905
25659
25117
23477
20766
15943
14955
14535
11686
10742
10108
10282
9184
7980
7276
6895
7022
6988
6474
6295
