AvaF
13
18
21
29
32
18
27
36
41
44
49
41
54
46
58
54
38
42
53
44
65
46
40
55
50
53
62
55
58
49
79
86
98
112
156
171
186
180
174
159
184
177
160
173
157
164
163
141
135
135
142
136
145
119
129
109
113
114
83
90
77
90
132
109
91
80
131
199
197
240
299
385
386
463
540
507
508
434
379
336
327
263
262
274
265
227
199
176
178
172
176
161
153
109
130
125
97
105
132
136
113
122
111
107
146
133
167
175
167
173
197
236
239
281
276
279
285
362
829
1215
1796
2539
3749
6279
8644
13603
16937
18045
17030
15863
15421
15485
15518
15225
15660
