AveryM
9
25
14
14
16
12
6
14
13
9
17
9
18
19
18
20
20
21
15
17
12
19
18
13
18
22
17
17
23
17
21
22
58
66
91
125
106
115
118
112
113
123
131
111
123
101
99
107
95
102
103
75
88
92
95
63
65
67
80
56
86
70
82
76
65
79
78
92
77
58
81
80
89
91
126
138
140
157
172
191
189
182
189
180
188
206
193
178
154
151
171
162
170
203
179
218
235
204
226
206
230
235
216
243
209
259
279
376
362
469
387
400
468
933
1116
1195
1178
1171
1237
1368
1370
1401
1387
1595
1520
1662
1791
1741
1747
1630
1697
1789
2011
2045
2278
