BarbaraF
127
130
130
135
193
195
207
204
253
246
241
221
278
255
290
298
324
299
304
273
341
277
306
346
357
366
413
515
514
567
613
737
1184
1450
2062
2705
3113
3534
4224
4084
5106
6015
6272
7209
8307
9155
11077
13162
14869
16039
18282
21796
26315
26949
29231
30693
31679
34909
39273
37259
36732
39535
44734
43429
39191
38274
45121
48791
46827
42596
41570
40596
39878
38451
36375
33596
32303
29683
27882
25352
24445
22987
20648
18287
16476
14024
13125
11203
9747
8808
8026
6455
5081
4433
3907
3456
2970
2841
2578
2491
2576
2529
2344
2019
1865
1673
1486
1631
1502
1495
1388
1238
1124
947
870
751
678
687
567
549
518
488
487
428
422
397
540
475
391
454
406
361
291
313
317
