BarryM
5
8
8
0
0
0
7
0
8
7
9
0
0
0
0
6
8
10
6
0
9
5
5
11
7
6
13
15
8
20
14
33
34
19
28
41
32
28
38
36
54
52
69
78
99
142
146
241
299
513
489
523
728
706
726
1042
1375
1835
2465
3207
3193
2982
3137
4627
5470
4667
4606
4697
5276
5505
5175
5828
5602
5980
5787
5320
5604
5731
6218
6581
5961
5367
4327
3918
3206
2856
3062
2801
2366
1754
1518
1564
1481
1425
1457
1500
1401
1398
1348
1181
993
961
966
851
790
731
700
694
587
474
484
409
354
339
316
301
267
263
210
193
198
173
157
169
159
156
148
120
118
113
102
122
