BeatriceF
87
87
123
126
167
188
192
262
316
352
417
485
541
564
684
814
870
942
1122
1061
1382
1183
1429
1439
1549
1661
1679
1858
1997
2105
2459
2522
3205
3567
4232
5342
5586
5838
5907
5856
5803
5968
5479
5463
5270
4993
4516
4238
3922
3571
3391
2843
2788
2409
2408
2241
1956
1986
1911
1780
1727
1666
1771
1757
1578
1358
1463
1466
1433
1340
1269
1282
1224
1094
1083
1035
1008
981
879
882
909
766
735
717
650
639
602
503
494
437
424
428
309
327
316
321
282
285
292
280
287
337
289
257
235
294
258
209
286
303
290
306
286
266
224
198
215
182
220
196
218
218
190
210
234
213
271
308
338
327
321
396
404
484
489
