BenM
305
289
334
306
367
292
335
305
463
453
363
302
361
321
326
324
299
291
310
259
355
259
273
259
282
290
285
314
353
358
454
467
731
809
1005
1263
1191
1129
1276
1214
1138
1124
1120
1048
1172
1041
1010
1012
986
958
987
911
966
867
831
891
816
815
846
707
815
766
851
835
754
716
820
887
872
761
721
686
719
744
753
736
739
854
871
934
955
933
1045
945
870
728
682
555
630
581
620
578
594
535
541
606
590
626
571
549
518
520
433
430
441
426
429
426
430
437
366
351
357
331
292
322
314
371
350
385
375
390
405
439
450
444
454
409
404
387
336
342
306
305
334
