BenjaminM
490
481
478
508
509
464
463
473
781
760
537
461
525
481
469
452
416
378
405
335
450
343
374
324
358
379
352
460
480
489
536
690
1272
1466
1823
2241
2186
2386
2431
2279
2310
2412
2376
2317
2221
2072
1898
1924
1803
1694
1596
1556
1541
1412
1482
1409
1353
1425
1414
1423
1446
1575
1689
1719
1621
1562
1657
1931
1958
2020
2192
2346
2439
2422
2450
2444
2469
2491
2255
2335
2249
2388
2511
2351
2508
2342
2379
2510
3023
3387
3932
4252
4506
5232
7194
9552
10680
12110
11413
12515
13634
14351
13818
13287
13258
13424
13784
14878
15179
15728
14619
13871
13448
12678
12786
12712
13777
13265
13054
13657
14838
14328
13476
14069
13810
13564
13751
13268
12940
13107
12421
13051
12807
13460
13761
