BennieM
26
32
33
21
51
51
43
48
77
66
54
75
90
78
121
82
96
96
116
94
154
100
124
144
158
136
133
145
158
187
218
227
392
446
598
663
720
730
819
834
856
775
915
774
871
897
863
853
831
961
915
821
883
815
814
934
887
886
868
877
843
840
882
851
820
792
885
923
837
806
759
808
749
770
746
724
727
663
635
598
551
517
514
519
513
447
444
368
376
331
351
308
272
245
245
261
219
238
246
249
208
209
199
166
159
143
161
149
145
149
142
127
105
104
110
98
87
91
73
74
70
70
66
48
67
52
64
54
53
46
58
53
42
53
40
