BennyM
5
0
5
9
13
10
6
5
7
6
9
9
9
10
16
12
18
13
31
17
13
17
18
27
31
41
37
31
47
50
87
122
144
210
196
223
282
276
271
316
299
346
415
394
399
430
460
482
533
600
594
594
685
677
733
759
822
864
814
835
877
960
895
821
1003
1061
1064
968
876
925
897
896
912
825
884
873
873
846
786
714
755
636
591
515
458
397
404
398
384
369
348
303
343
324
286
300
318
339
297
292
288
214
211
213
212
211
192
211
203
201
204
207
156
182
179
166
171
158
192
165
192
161
179
167
192
193
155
149
153
149
134
142
138
