BerniceF
59
48
57
69
83
96
135
127
157
206
229
248
299
340
389
447
489
519
619
515
702
660
794
868
962
1032
1107
1185
1363
1337
1720
1915
2593
3035
3730
4937
5183
5545
5893
5793
5928
6190
5912
5810
6032
5726
5444
5306
4940
4550
4434
3824
3542
3009
2977
2774
2544
2385
2287
2123
2089
1931
1964
1890
1658
1473
1469
1688
1489
1378
1301
1286
1211
1157
1074
1045
1036
980
887
852
871
764
761
703
652
561
472
457
421
385
376
326
290
264
262
222
255
182
184
165
176
169
174
143
157
145
107
132
140
144
145
144
138
126
137
109
116
111
100
122
97
105
88
82
86
84
81
80
85
80
66
61
47
71
65
