BernadetteF
8
5
6
0
6
7
10
12
16
23
20
19
22
26
32
40
49
41
48
51
47
45
53
56
46
46
55
62
95
93
96
92
142
183
201
256
253
269
283
303
330
356
338
359
348
362
368
373
371
328
323
288
314
394
619
394
382
336
367
353
323
329
373
655
1035
1016
1320
1252
1184
1142
1044
991
995
913
998
963
924
989
1492
1393
1426
1207
1136
1020
933
910
1111
1217
921
836
776
739
637
606
572
545
537
553
461
461
434
380
436
366
321
268
273
288
270
235
281
237
235
215
184
174
170
158
174
151
110
125
101
99
96
91
94
74
77
77
78
63
88
95
134
