BernardM
140
130
144
141
140
160
180
159
207
215
178
187
237
217
256
259
241
234
284
222
308
242
259
271
326
292
343
378
414
463
560
777
1437
1916
2436
3302
3476
3711
4098
3916
4163
4485
4411
4376
4505
4259
4173
4163
4065
3807
3833
3514
3252
3003
3146
2932
2854
2671
2713
2627
2468
2508
2723
2745
2618
2390
2606
2993
2716
2678
2643
2760
2755
2745
2723
2563
2479
2527
2400
2272
2303
2149
1971
1943
1876
1673
1523
1443
1309
1280
1190
1169
1048
945
857
850
796
758
737
759
771
697
677
641
615
653
595
593
608
659
516
557
531
507
413
431
323
319
297
266
275
262
226
220
237
223
194
212
214
189
171
168
148
166
157
