BerthaF
1320
1324
1508
1681
1789
1860
2001
2037
2450
2293
2388
2372
2617
2623
2496
2626
2565
2502
2642
2294
3019
2257
2372
2309
2363
2434
2302
2363
2384
2444
2651
2606
3288
3345
3859
4785
4900
4880
5052
4754
4604
4608
4419
4122
4122
3770
3584
3380
3161
2801
2603
2364
2475
2160
2080
2071
1915
1950
1817
1794
1730
1723
1756
1790
1628
1426
1532
1603
1515
1521
1397
1329
1249
1174
1158
1153
949
1017
951
874
852
738
729
575
640
554
528
432
395
397
366
351
286
316
275
263
216
232
199
209
203
209
186
166
146
162
144
155
146
167
178
156
171
161
124
142
129
123
107
103
92
98
80
55
68
57
72
63
45
46
40
46
28
27
34
