BertM
348
312
341
273
280
276
228
237
282
231
180
181
200
184
187
149
173
143
143
127
153
128
130
132
120
134
106
111
120
119
141
177
332
340
448
532
556
533
698
570
593
661
609
573
620
536
519
571
517
566
542
462
462
407
420
470
376
386
358
372
384
353
418
416
385
327
364
399
400
361
340
378
383
358
348
403
378
341
428
389
390
321
360
326
335
262
252
245
216
214
241
208
200
159
140
162
146
151
115
114
118
98
85
84
69
61
72
65
56
44
56
54
41
24
33
29
30
16
24
14
21
23
10
17
13
13
18
14
13
7
9
10
11
9
16
