BessieF
796
903
1144
1241
1451
1588
1791
1838
2278
2343
2370
2323
2541
2352
2520
2542
2435
2407
2647
2280
3044
2183
2448
2339
2340
2446
2396
2311
2201
2276
2392
2279
2832
2951
3260
3888
4122
3928
4102
4106
3905
3677
3446
3388
3403
3267
3053
2976
2661
2379
2383
2115
2095
1882
1831
1755
1645
1551
1418
1362
1296
1174
1268
1148
1121
1074
1022
1013
997
946
794
764
728
648
655
534
514
465
444
393
386
316
331
293
291
272
203
185
159
157
160
140
149
120
117
131
106
92
91
101
99
103
89
67
68
84
67
59
52
60
73
65
51
24
37
26
30
32
27
21
30
26
28
15
7
15
19
15
15
9
8
9
13
17
11
