BethF
6
9
17
11
8
26
15
24
18
27
24
22
29
27
22
32
29
23
28
32
30
22
31
36
49
54
63
57
123
129
173
209
285
298
335
355
349
356
284
287
319
315
329
310
290
262
251
238
276
256
343
343
326
371
406
501
470
601
663
785
750
807
962
1178
1087
1355
1580
1981
2356
2566
3035
3269
3800
4354
4979
6066
6260
6715
6424
6678
6687
5772
5446
5181
4766
4461
4248
3684
2818
2564
2522
2325
2307
2967
2743
2687
2849
2310
2002
1635
1631
1341
1135
930
862
677
663
544
461
346
315
282
239
238
193
175
161
156
107
103
103
57
85
61
68
40
36
49
47
35
44
