BetsyF
14
13
18
13
19
13
20
19
22
15
13
18
27
17
26
17
14
10
17
14
24
16
21
11
15
17
17
19
24
25
36
30
27
49
79
77
108
112
178
145
183
200
228
217
236
284
262
283
317
341
360
327
349
323
357
384
384
450
480
513
607
650
706
665
669
651
697
847
719
769
891
880
974
988
1002
984
1066
1097
1287
1390
1252
1132
1014
1077
1026
931
698
535
479
414
491
700
634
550
489
512
613
470
472
531
536
447
421
400
455
399
354
404
339
301
281
252
238
233
186
170
158
171
173
153
157
124
123
133
153
119
370
247
218
157
154
130
138
133
132
