BettyF
117
112
123
120
144
155
167
178
214
189
216
239
255
298
298
350
342
367
421
410
664
474
580
596
707
807
865
1018
1128
1082
1389
1456
2011
2239
2933
4182
5136
6639
8802
10107
14017
17637
20893
25990
30602
32817
32959
35422
36078
36669
38239
36102
34411
31526
31078
28673
25863
25328
25502
23639
22074
20900
21654
21595
19757
18383
19714
18962
16622
14946
13614
12820
12125
11367
10615
9928
9213
8474
7709
7317
6503
5580
4765
4154
4067
3565
2948
2543
2134
2133
1967
1763
1366
1323
1130
1021
908
807
715
711
658
662
635
563
503
502
407
435
395
399
406
345
296
292
275
234
217
189
194
182
174
153
127
142
136
132
135
134
137
148
132
167
140
174
193
