BeulahF
131
162
190
217
233
309
345
355
426
498
573
526
638
622
675
760
750
688
783
770
974
859
873
920
983
968
980
1092
1015
1052
1131
1244
1607
1640
1776
2268
2401
2232
2363
2212
2377
2313
2096
2051
2005
1779
1649
1658
1422
1276
1210
1063
999
896
932
844
743
718
690
574
621
554
508
502
461
394
352
372
326
318
288
232
203
181
195
152
139
142
131
117
80
95
88
92
78
62
46
65
28
37
50
35
26
27
33
23
26
20
27
19
21
20
20
17
19
17
12
11
16
16
14
12
7
5
10
9
7
9
0
6
7
7
9
5
12
9
9
7
7
6
5
0
12
14
11
