BeverlyF
5
0
0
0
5
6
5
13
5
12
9
13
16
31
26
32
35
56
60
88
103
142
311
495
630
706
684
940
1161
1413
1738
2283
2666
3774
4932
5433
5863
6458
6787
7523
7184
7885
7994
8900
9634
9770
8703
8654
8728
9406
9431
8292
7619
10430
11208
10794
10554
10509
10851
10555
11230
11158
9990
9453
8554
7682
7791
7392
6704
6261
5285
4607
3773
3220
3006
2591
2406
2249
1987
1568
1348
1206
1009
932
862
824
713
721
674
609
568
522
481
447
454
462
434
456
434
443
405
368
288
266
248
220
219
183
188
184
175
192
154
182
157
168
138
99
119
124
141
142
