BillM
53
42
61
50
82
66
64
63
58
61
72
65
75
71
73
90
86
84
90
83
196
104
138
129
128
147
128
174
164
205
259
243
347
466
559
746
854
891
1038
1196
1421
1482
1675
1833
2068
2379
2643
2864
2977
2948
3157
3220
3357
3222
3533
3280
3165
3120
3113
3160
3268
3455
3790
3989
3815
3712
4355
4684
3926
2766
2041
1652
1593
1521
1528
1650
1956
3122
4213
4603
4502
4001
3577
3200
2740
2060
1556
1276
1160
1076
1021
877
687
520
466
409
366
324
268
273
253
233
244
205
165
176
128
136
145
129
113
128
138
145
110
101
115
103
100
101
114
100
74
81
89
86
85
85
73
58
53
42
41
50
47
