BillieF
8
7
6
13
9
11
15
18
18
23
41
28
43
27
76
52
70
83
68
112
127
118
139
144
165
169
258
289
326
468
565
618
709
790
902
1104
1103
1248
1599
1827
2172
2550
2777
3190
3241
2919
2635
2482
2556
2246
1991
1939
1746
1538
1484
1554
1828
1994
1762
1556
1635
1653
1546
1355
1315
1419
1391
1332
1277
1090
1127
989
864
832
782
733
654
660
896
723
723
857
815
823
1104
1114
1077
1091
1132
1010
1000
844
786
820
801
668
514
521
387
331
283
284
289
232
235
212
220
217
240
229
202
213
198
174
146
143
116
128
98
85
95
105
89
80
73
86
91
110
122
