BillyM
7
6
7
0
7
8
7
6
10
5
5
6
10
9
10
11
9
6
14
19
36
18
22
20
21
20
14
20
20
18
43
42
69
111
142
276
361
469
645
858
1206
1622
2028
2489
3271
4206
5185
6462
7309
8321
9289
9259
9429
8934
9558
9238
8587
8297
8246
7469
7593
7660
7305
7015
6537
6017
6716
6928
6218
5820
5676
5604
5712
5843
6035
5759
6012
6148
6146
6307
6014
6027
5583
5235
5192
4652
4182
3983
3813
3777
4124
3909
3469
3444
3366
3112
3157
2948
2696
2999
2991
2883
2528
2149
1947
1831
1683
1622
1510
1505
1438
1356
1282
1353
1124
1063
948
814
813
748
670
676
582
600
565
560
565
546
458
442
390
395
355
346
287
