BlaineM
5
6
13
13
62
20
12
12
13
19
11
17
18
10
9
8
15
0
8
0
5
0
0
8
12
12
9
15
11
12
20
23
41
64
72
105
119
127
117
136
135
159
155
179
148
134
146
139
135
153
157
127
134
148
147
140
146
128
125
145
135
136
149
163
117
137
185
210
206
187
235
259
267
312
326
316
350
345
340
349
387
422
435
390
397
343
310
279
300
340
330
312
259
250
234
243
261
251
238
229
268
303
261
266
275
310
383
502
502
599
577
516
503
456
403
434
413
484
434
401
527
617
576
519
402
467
436
459
404
390
380
438
442
442
375
