BlancheF
427
456
547
610
711
710
787
763
942
972
953
917
1094
1075
1091
1156
1150
1092
1269
1063
1332
1025
1159
1174
1142
1190
1173
1156
1162
1217
1288
1361
1761
1856
2164
2590
2714
2836
2739
2668
2688
2487
2322
2267
2034
1893
1657
1568
1426
1278
1094
955
949
797
721
728
643
550
539
519
458
456
483
429
368
364
353
377
349
380
307
340
308
336
284
227
248
221
195
186
165
178
157
134
131
108
93
85
78
58
49
62
45
42
35
40
27
28
35
30
22
27
19
26
21
23
18
19
22
27
17
21
22
15
16
11
12
12
11
11
11
9
7
8
10
8
6
6
5
5
6
7
9
10
6
