BobM
46
50
59
62
50
52
66
74
59
52
53
55
61
59
48
54
45
53
61
59
98
49
64
66
65
58
69
77
77
58
103
76
141
164
217
296
304
352
477
548
710
798
787
917
1167
1367
1779
1971
2092
2103
2241
2318
2427
2219
2478
2387
2409
2363
2204
2242
2082
2074
2203
2274
2133
2175
2492
2514
1960
1465
978
806
756
695
696
796
1020
1813
2522
2824
2720
2501
2166
1846
1433
1000
684
532
478
426
405
325
220
208
170
168
139
120
110
118
107
84
91
89
76
73
62
56
57
56
53
66
42
38
37
30
31
33
21
16
31
19
17
9
19
24
11
8
23
22
10
14
8
19
6
