BobbyM
7
0
0
0
8
11
7
5
6
9
8
12
14
14
36
42
49
62
81
93
170
274
371
469
733
1087
1597
2289
2968
3923
5182
5856
6594
6489
7527
7725
7734
7745
7492
7052
6881
6586
6248
6119
5410
5050
5768
6119
5575
5115
5022
4997
4964
5188
5494
5214
5357
5616
5729
5675
5652
5402
5321
5211
5083
4593
4068
3780
3632
3651
3634
3650
3178
2888
2790
2772
2642
2541
2398
2587
2722
2659
2606
2356
2118
2094
2105
1886
1716
1759
1678
1508
1387
1221
1136
1046
933
913
835
728
730
654
644
559
573
504
546
521
512
457
457
344
331
360
311
