BobbieF
5
6
9
5
10
8
12
13
20
13
17
9
26
16
17
20
18
35
30
31
28
26
54
44
53
72
64
50
93
107
132
148
193
194
232
267
296
292
342
338
418
504
677
839
1058
1257
1529
1765
1900
2127
2009
2192
2003
1986
1953
1868
1676
1632
1634
1669
1802
1712
1562
1555
1618
1543
1470
1389
1491
1329
1318
1384
1156
1239
1161
1136
1078
1006
895
876
792
863
908
861
855
872
1057
1219
1206
1175
1076
1073
1043
1049
984
876
877
922
935
947
737
607
559
452
423
383
387
351
361
273
313
347
320
281
264
198
183
148
144
113
108
94
90
65
77
68
51
49
56
53
61
42
