BonnieF
14
25
19
21
32
53
40
59
70
68
98
100
126
120
119
129
163
142
187
159
220
179
182
200
268
264
268
279
299
337
374
389
539
648
783
939
992
1177
1151
1344
1515
1609
1824
2095
2295
2534
2608
2795
2924
2970
3268
3550
3620
3372
3751
3611
3372
3594
3773
3889
5959
7758
8821
8867
8456
7745
9505
10216
9819
9730
9748
9705
9391
8607
8101
8632
8132
7241
6988
6457
6393
6025
5814
5226
4688
4129
3843
3372
2956
2645
2747
2331
1853
1688
1452
1346
1205
1340
1091
1626
1711
1624
1367
1276
1273
1176
1093
984
829
765
694
573
555
440
464
387
386
347
308
265
235
254
219
248
201
190
186
168
184
172
189
220
224
234
315
