BradleyM
5
10
5
8
0
9
0
5
0
0
9
5
0
6
9
26
24
16
15
8
15
11
9
6
15
9
12
14
18
19
17
21
36
42
44
66
70
49
81
53
86
64
86
80
86
79
81
91
110
110
122
161
142
159
166
237
216
215
208
205
230
286
342
330
308
309
562
830
1031
1313
1631
1814
2041
2773
3230
3178
3512
3529
3729
4047
4746
4732
4636
4768
4963
4792
4559
4345
4810
6399
6825
5789
4835
4752
5178
5898
5984
6430
6099
6930
7215
6897
6976
6737
6567
7007
7037
6915
7009
6979
6431
5724
5095
5133
4674
4765
4756
4123
3796
3575
3014
2729
2644
2392
2306
2407
2134
2074
1951
1948
1991
2156
2289
2315
2319
