BrendaF
7
0
0
0
6
0
5
6
8
0
0
7
0
8
9
17
12
15
21
23
18
28
30
32
32
44
43
45
58
55
47
54
60
63
66
95
90
106
132
164
233
676
2756
5441
6331
7237
8435
8998
9205
12690
15826
17695
20548
20794
21712
21448
20139
19595
19120
19339
24319
21342
21418
23959
23771
21275
19603
17107
15061
13294
11479
9940
8994
8334
7162
6271
5384
4828
4238
3587
3151
2870
2771
2646
2721
2518
2431
2494
2384
2239
2151
2285
2270
2633
2633
2825
2885
2652
2611
2413
2158
2133
1978
1898
1734
1550
1442
1658
1660
1417
1230
967
779
732
545
560
439
382
