BrianM
5
0
7
6
14
11
21
17
14
12
14
32
34
31
35
38
59
48
74
106
111
91
95
120
150
187
254
344
519
609
808
1011
1123
1521
1950
1953
1991
2586
3449
3357
3854
4452
5104
5736
6659
8082
10109
14650
17510
19258
20739
21997
22555
23245
24125
24199
24562
27277
28664
29950
31703
31942
32652
36325
35717
34469
30606
30537
32498
29455
28669
28722
26599
25831
26064
24717
23054
21021
20350
19519
18099
16919
14909
14100
12543
11642
10987
10471
9732
9143
8805
8956
8296
8081
7668
7328
6914
6504
6073
5255
4650
3763
3233
2811
2638
2518
