BridgetF
35
34
31
28
37
38
43
34
39
30
42
34
34
41
35
31
36
47
32
22
40
34
31
22
29
32
34
33
25
46
36
31
51
48
59
95
95
72
97
84
70
78
81
60
81
66
66
66
66
81
58
78
63
60
71
65
72
50
77
54
67
87
68
69
73
93
103
161
173
220
226
274
441
526
458
584
577
627
798
1053
1155
1210
1408
1448
1478
1543
1628
1556
1454
1597
1816
1714
1865
2763
2080
1863
1709
1642
1685
1734
1831
1901
2008
1748
1683
1613
1575
1539
1566
1634
1545
1448
1413
1629
1696
1469
1530
1281
1287
1290
1168
1156
1075
1028
1034
971
945
908
820
753
687
630
683
565
576
