BruceM
47
34
66
50
40
56
55
44
45
62
59
50
60
64
63
66
69
58
64
66
87
65
60
67
87
85
77
89
99
122
98
155
328
390
530
663
740
805
988
880
996
1071
1105
1224
1312
1354
1413
1458
1630
1615
1712
1788
1937
2035
2402
2448
2629
2808
3128
3233
3789
4296
5383
5432
5260
5610
8457
10526
11063
12265
12679
14080
14488
14025
14144
14069
14658
13875
12456
11910
10949
10721
10043
9290
7897
6327
5844
5072
4490
4046
3488
2969
2317
1914
1855
1793
1691
1703
1700
1714
1654
1634
1584
1439
1461
1411
1348
1303
1282
1212
1168
1040
922
821
747
665
663
630
651
588
563
579
510
508
531
489
549
636
579
586
485
574
667
705
772
