BryanM
6
0
0
5
0
0
0
7
0
10
5
9
27
157
97
57
36
55
19
11
10
14
10
9
22
27
20
12
15
27
45
52
50
45
52
77
87
83
103
119
98
116
148
139
105
126
125
123
123
125
109
122
108
114
132
161
177
200
216
297
320
340
308
460
601
561
670
737
812
846
1047
1229
1573
2436
3372
4085
4495
4778
5025
4990
5262
5283
5347
5894
6016
6255
6476
6460
6617
7040
7115
7236
7011
7292
7890
7293
7451
7513
7220
7496
8189
8267
8719
8648
8555
8032
7852
7436
6756
6834
6157
5600
5441
5559
5252
5308
5391
6137
6124
6614
6617
6730
6453
6694
6176
5503
4848
3931
3517
3076
2885
2720
