ByronM
52
40
66
50
57
46
51
47
52
37
52
53
69
47
59
56
59
50
55
47
61
51
50
59
61
59
65
71
70
69
89
96
227
303
395
458
471
487
505
487
571
558
599
536
594
516
533
532
545
521
473
501
471
442
425
457
460
521
515
555
548
539
643
587
526
563
786
798
796
744
832
837
901
922
1046
1055
1250
1260
1204
1220
1192
1225
1266
1241
1289
1223
1178
1179
1128
1204
1233
1085
946
918
955
914
906
849
796
855
1025
995
863
1031
892
894
894
929
1055
1074
1014
908
842
738
645
598
566
607
549
562
544
491
473
502
480
503
493
496
617
738
565
511
480
515
399
