CallieF
131
104
129
135
161
157
155
167
195
181
230
194
189
194
227
211
212
231
235
208
310
183
221
199
170
217
208
233
214
196
244
223
253
273
318
350
357
356
331
343
362
346
339
300
318
313
306
266
237
238
232
180
194
208
209
200
175
165
182
144
175
123
170
175
179
137
119
136
132
127
128
137
135
116
109
133
125
107
100
118
122
117
103
129
113
98
81
89
91
92
115
139
111
150
192
215
190
225
237
213
254
354
419
452
482
567
593
617
558
746
941
915
945
855
774
953
877
926
1009
1200
988
919
902
918
925
1004
1085
1357
1466
1321
1319
1473
1415
1417
1755
