CalvinM
134
138
123
122
139
119
109
122
123
107
116
104
124
103
95
130
98
103
121
108
128
98
130
106
118
141
123
136
135
176
201
213
375
440
531
694
766
785
874
833
1099
1275
1283
2411
4919
4299
3013
2693
2127
1663
1620
1440
1455
1490
1318
1318
1352
1332
1455
1394
1471
1508
1578
1758
1751
1798
1976
2433
2397
2569
2745
2834
2981
2943
3006
3156
3333
3393
3114
3035
2912
2862
2406
2403
2254
2044
1765
1781
1760
1712
1734
1593
1451
1352
1297
1284
1230
1285
1261
1338
1325
1457
1476
1429
1440
1518
1665
1787
1810
1868
1782
1708
1613
1745
1565
1719
1757
1705
1637
1619
1677
1612
1560
1563
1594
1617
1648
1616
1625
1575
1657
1706
1963
2059
2326
