CamillaF
6
11
12
12
16
15
14
18
15
14
22
19
21
21
24
30
29
22
31
36
40
26
23
34
34
37
32
46
28
43
46
41
70
75
88
130
135
116
170
121
132
134
139
147
138
123
107
103
129
125
114
110
113
111
83
107
97
114
107
127
123
127
127
124
219
126
144
147
159
145
155
139
134
122
144
156
125
110
131
138
153
158
141
166
173
159
145
162
138
175
153
125
135
128
123
103
112
95
140
118
102
128
124
130
100
119
110
130
125
116
105
118
127
145
132
154
141
165
166
152
166
226
212
271
265
290
329
399
486
552
589
648
707
767
889
