CamilleF
8
12
7
11
7
17
20
8
16
20
21
23
23
29
37
33
27
26
41
37
47
33
38
42
50
34
33
67
62
67
69
73
92
110
111
165
183
168
196
153
182
153
162
175
176
150
146
138
181
146
155
162
166
151
164
168
197
285
307
336
297
350
449
546
481
373
544
514
471
500
480
437
416
483
476
505
499
502
542
544
498
541
507
487
470
449
461
503
545
784
822
631
512
568
459
459
506
539
569
611
667
634
630
624
630
724
672
706
806
876
1170
1055
1087
1013
954
998
950
1005
1071
1151
1198
1226
1187
1275
1276
1139
1072
1118
1107
1153
1216
1316
1339
1322
1285
