CarlM
372
359
478
480
521
494
556
588
675
704
693
675
808
786
861
851
852
828
919
774
1016
817
952
910
953
959
951
1018
1074
1215
1339
1574
3224
3935
4807
6613
6786
6699
7004
6473
7009
7079
6691
6871
7088
7058
6941
7277
6946
6890
6954
6581
6708
6190
6680
6695
6588
6908
6844
6594
6754
7161
7268
7465
6819
6313
7379
8048
7829
7691
7292
7632
7821
7825
8135
8291
8305
8190
7721
7504
7808
7248
6855
7133
6663
5800
5226
4896
4647
4528
4400
4061
3409
3016
2896
2813
2673
2618
2608
2900
2934
2791
2804
2603
2561
2525
2441
2220
2317
2258
2189
1921
1779
1585
1416
1381
1183
1093
1146
996
988
880
784
774
750
651
657
625
557
519
446
424
486
443
434
