CarltonM
13
16
21
19
20
18
22
13
19
29
17
22
21
21
30
27
31
28
31
31
38
41
37
33
47
48
49
49
48
61
89
108
201
198
283
349
395
388
431
397
441
480
447
450
430
448
483
484
551
502
470
503
524
490
478
490
484
548
535
495
492
510
516
548
485
500
542
637
548
583
569
667
696
717
834
870
908
954
889
813
847
770
815
762
777
640
649
612
603
511
584
597
464
478
450
497
396
466
436
470
442
391
444
383
366
378
376
352
382
477
529
469
437
396
356
328
284
269
246
224
225
208
175
154
137
180
143
146
128
114
122
102
100
87
83
