CarlosM
17
19
20
22
13
28
16
20
29
25
17
16
24
26
25
20
30
28
30
36
37
38
37
41
38
58
50
74
56
60
82
69
124
160
210
273
234
298
347
313
421
393
441
427
453
471
496
544
584
557
578
544
520
563
558
559
534
532
583
580
658
614
659
699
689
719
867
1030
1030
1136
1193
1230
1254
1398
1612
1700
1794
1792
1905
1937
1999
1999
2123
2111
2188
2130
2159
2294
2498
2896
3385
3424
3436
3571
3869
3788
3786
3792
3726
4163
4080
4178
4265
3912
3957
4084
4087
4146
4121
4637
5207
5330
5334
5347
5324
5544
5464
5461
5476
6662
6315
6839
6586
6216
6253
6558
6539
6409
6045
5373
4584
4175
4002
3671
3411
