CarmenF
7
7
8
14
24
16
12
26
27
28
31
41
39
49
29
48
53
63
38
91
76
75
90
80
89
135
125
122
157
181
199
231
300
374
483
508
559
637
633
757
776
783
925
939
940
957
1020
1017
1065
1042
932
886
831
852
831
846
775
793
776
823
957
990
1035
942
872
1070
1237
1310
1457
1458
1569
1607
1725
1779
2047
2201
2222
2122
2212
2440
2398
2408
2345
2377
2147
2120
2174
2268
2196
2205
2138
1967
1755
1750
1777
1615
1631
1426
1610
1459
1448
1315
1226
1298
1169
1198
1149
1166
1188
1314
1236
1202
1092
1165
1005
869
1012
1121
1139
1194
1173
1020
1289
1363
1227
1282
1241
1310
1104
1013
916
938
877
852
