CarolynF
80
60
62
58
75
86
82
97
123
133
124
110
122
146
147
149
149
145
169
141
185
148
179
157
183
210
184
184
280
299
331
387
517
676
835
1096
1216
1223
1329
1330
1556
1753
1706
2010
2221
2191
2414
2804
2847
3272
3725
4008
4586
5041
6469
6967
7907
8940
10585
11290
12656
16273
19980
20360
18670
17238
19900
20743
18614
17404
15596
15197
14277
12909
12155
11171
10636
11570
10808
9735
9409
10498
9693
8121
8066
6969
6122
5716
5536
5134
4520
3609
2995
2569
2475
2348
2115
2196
2175
2055
1929
1959
2009
1913
1824
1837
1737
1813
1802
1810
1714
1559
1518
1478
1229
1174
1208
1061
901
1036
1029
868
821
700
729
625
585
495
448
425
377
371
358
346
374
