CarolineF
306
316
304
321
380
399
370
398
458
491
455
402
476
483
473
484
437
456
441
393
455
406
452
389
429
407
409
437
449
443
553
550
785
805
989
1402
1385
1368
1457
1295
1437
1425
1268
1304
1302
1193
1217
1167
1189
1192
1160
1125
1103
1050
1069
1048
1075
1093
1116
1005
1161
1173
1391
1352
1212
1015
1090
1150
1082
1001
880
917
919
884
770
743
702
1135
990
1046
1213
2198
1988
1691
2105
1816
1551
1450
1412
1352
1374
1211
1071
1113
1199
1232
1226
1205
1308
1352
1315
1392
1537
1479
1631
1750
1802
2044
2322
2663
2819
2843
3176
3081
3449
3797
4465
4439
4274
4472
5021
4862
4655
4584
4375
3973
3788
3404
3540
3621
3355
3364
3413
3973
4337
