CarolF
7
10
6
0
8
11
13
15
20
30
26
24
29
30
31
48
36
42
63
65
70
61
80
67
98
91
97
112
146
142
185
181
324
332
438
596
789
798
1011
932
1141
1373
1522
1864
2095
2285
2427
2645
3349
4278
4598
4890
6569
8221
10271
11732
14521
17335
19423
20168
21760
24181
30269
31680
30457
30389
34281
33535
28982
26782
26162
24777
23993
22277
22255
22037
21406
21899
19693
18121
17463
16667
14525
12494
12125
10100
8261
7489
7078
6139
5064
3858
3010
2460
2039
1786
1494
1344
1262
1166
1106
1043
946
942
906
840
769
762
740
752
763
671
612
506
503
460
411
374
351
303
321
277
273
275
289
351
269
250
228
188
150
191
168
133
150
