CarolinaF
13
10
10
20
13
18
25
19
24
27
23
21
28
24
34
35
28
17
24
15
40
37
31
32
44
30
44
33
45
39
43
56
63
58
77
100
111
102
98
109
132
137
118
128
144
144
120
125
145
153
132
110
112
117
104
97
94
107
101
95
78
98
81
131
124
114
119
128
113
115
104
113
108
127
109
102
107
126
105
101
143
167
171
173
227
195
192
160
184
173
213
187
165
227
199
244
248
268
396
437
452
435
397
420
376
403
465
482
523
791
908
859
916
948
1046
988
1054
1073
1010
1034
1204
1204
1072
1215
1268
1132
1196
1018
925
828
821
728
722
704
782
