CarrieF
949
958
1037
1108
1245
1283
1396
1344
1647
1547
1510
1342
1588
1451
1452
1463
1388
1365
1371
1346
1711
1247
1376
1252
1280
1288
1188
1283
1239
1276
1381
1281
1580
1517
1798
1968
2159
2073
2130
2180
2108
2081
2120
1928
2054
2024
1859
1788
1651
1511
1466
1307
1395
1264
1259
1277
1182
1177
1121
1076
1092
1031
1187
1136
1022
985
1071
1170
1174
1107
978
1063
1110
1280
1308
1213
1530
2155
2577
2966
3148
3179
3031
2817
2974
2484
2475
3196
3979
3886
4975
5977
5423
5836
6435
7858
7994
8663
7319
6357
5763
5093
5187
4297
3691
2940
2562
2388
2205
1957
1707
1465
1284
1115
1013
896
876
744
629
582
534
430
320
345
310
303
308
267
264
236
180
150
154
174
149
