CarterM
12
0
11
13
10
15
13
15
11
8
13
18
13
16
9
13
16
14
14
31
13
11
23
25
16
15
18
25
22
26
26
45
37
92
78
83
91
95
107
98
83
93
84
112
88
89
85
78
71
62
78
68
77
97
101
98
99
106
77
88
109
112
130
122
126
148
178
150
178
170
172
156
161
190
150
177
140
164
134
139
133
131
159
133
115
128
141
124
151
156
200
165
132
142
163
159
122
72
64
91
88
117
118
134
175
182
212
264
294
333
391
487
550
543
919
1216
1540
1800
1943
2549
3434
3480
4171
5009
5898
6430
6099
7059
8166
8150
8594
9246
9560
10647
