CassieF
33
28
44
34
45
60
42
52
81
66
68
75
79
67
78
75
94
81
98
77
85
63
86
58
75
101
89
87
85
86
108
94
103
124
147
147
166
185
178
170
181
168
162
156
157
127
129
111
113
97
109
85
78
81
83
72
94
75
67
50
60
77
82
79
78
59
68
115
115
130
130
127
118
102
125
98
116
111
137
139
164
161
135
132
142
159
151
129
167
207
329
309
364
322
335
378
368
495
672
772
770
1224
2193
1598
1777
1659
1808
1755
1599
1375
1253
1121
1168
952
895
727
652
738
979
960
886
619
508
509
412
382
386
365
304
279
211
207
209
208
200
