CatherineF
688
635
726
853
874
846
916
967
1212
1198
1232
1219
1333
1336
1430
1514
1594
1511
1705
1628
2081
1599
1896
1916
1983
2198
2230
2457
2750
2897
3161
3565
4666
5302
6612
8181
8469
8689
8842
8334
8878
8888
8536
8439
8362
7869
7466
7256
6909
6275
6299
5642
5446
4908
4935
4698
4535
4458
4525
4576
4581
4884
5266
5425
5257
5031
6366
7888
8244
9134
9657
10565
11052
10839
11079
11625
12067
11147
10764
10022
9537
9249
8698
8293
8236
7248
6960
6349
6132
6091
6007
5331
4686
4269
4181
3934
3782
3843
3954
3877
4082
4054
4096
4250
4238
4289
4241
4105
4506
4556
4893
4815
4533
4473
4102
3858
3736
3593
3347
3400
3800
3727
3288
3230
3180
2983
2789
2468
2318
1888
1610
1934
1905
1860
1934
