CeceliaF
47
51
55
67
109
84
96
92
113
138
130
130
175
182
159
163
190
212
229
214
264
249
243
242
272
293
290
321
325
294
335
416
513
536
679
821
883
920
935
867
890
825
760
786
742
721
685
622
579
559
526
453
434
403
374
408
471
474
514
533
567
609
836
782
645
628
711
890
845
850
769
760
712
691
680
655
665
683
613
669
558
565
523
470
374
330
286
273
269
209
309
250
213
192
165
167
135
130
126
151
161
151
168
187
177
180
173
211
214
200
231
212
206
246
231
248
284
232
264
291
296
313
328
341
386
420
423
367
387
393
376
433
483
535
532
