CeciliaF
44
39
37
39
63
71
68
83
97
89
91
121
138
126
144
138
168
160
213
205
249
196
195
218
250
237
219
234
263
257
287
342
453
485
525
723
685
704
755
746
757
761
734
741
768
705
717
654
569
501
566
459
469
431
438
487
506
560
549
562
628
671
830
842
705
657
802
972
956
944
919
956
983
1038
986
1003
995
1057
1002
1044
1036
961
1054
868
834
734
643
622
549
543
620
601
568
501
540
511
515
521
556
636
654
683
662
636
723
657
686
743
726
810
847
964
1017
997
968
1128
1071
962
1053
1102
1135
1164
1170
1162
1177
1187
1243
1242
1258
1232
1199
1315
1461
1432
1632
