CecilM
45
35
53
51
73
87
83
80
96
102
120
108
151
147
175
192
200
216
243
256
344
278
354
332
359
347
368
399
397
432
472
560
1057
1276
1530
2181
2181
2101
2328
2300
2459
2456
2337
2255
2299
2298
2303
2228
2006
1886
1881
1771
1654
1507
1590
1729
1575
1635
1558
1579
1591
1512
1618
1697
1498
1355
1407
1444
1397
1319
1339
1323
1330
1252
1301
1220
1146
1061
1009
1012
959
968
884
822
731
728
678
541
563
552
566
536
475
415
419
348
351
369
352
351
408
319
296
309
297
266
276
250
270
237
231
217
194
196
162
146
154
135
132
133
130
121
106
101
100
108
107
111
122
88
78
91
97
114
98
