CelesteF
14
9
9
15
16
18
20
27
11
20
22
27
27
26
32
30
36
42
33
50
38
33
36
36
50
50
49
41
47
72
61
90
88
98
133
157
156
154
142
150
160
108
146
135
144
113
109
131
117
97
96
123
105
124
98
96
136
120
109
140
159
156
166
147
171
218
306
297
407
532
598
626
636
622
710
721
693
781
750
763
854
803
789
690
660
649
623
557
591
594
655
552
598
581
523
546
471
489
525
582
594
598
524
508
504
481
467
458
592
653
687
671
732
1080
1148
1157
1251
1228
1205
1167
1093
1010
1034
1634
1202
1013
912
806
674
674
668
654
652
676
