CeliaF
90
107
126
101
122
153
147
154
196
167
204
187
222
219
254
273
258
260
265
231
316
251
285
278
293
270
289
314
351
324
402
410
519
532
692
853
810
839
791
711
726
690
678
663
662
661
606
607
550
509
559
490
386
430
444
424
419
411
413
373
381
388
407
405
428
377
400
457
489
498
508
576
638
579
549
603
559
519
530
536
541
531
553
448
376
357
301
270
265
237
357
278
218
233
234
206
211
246
218
247
276
294
257
400
502
406
358
329
342
310
391
352
342
343
303
318
336
360
384
409
408
424
388
406
406
410
406
370
390
376
375
372
376
353
355
