CharlesM
5348
4636
5091
4826
4802
4599
4533
4031
4591
4199
4061
3640
4319
3723
3788
3633
3639
3341
3557
3147
4100
3049
3361
3212
3406
3608
3607
3884
3929
4030
4785
5725
11070
13190
16937
21959
23612
24146
26922
25194
28311
29244
28844
28959
30458
29583
29520
31935
31239
29932
31857
29917
31093
28986
29789
29970
29081
30515
31133
30784
31679
32730
35842
36626
34645
32461
38197
40772
38679
40040
39132
39365
38864
38380
37440
35333
35214
34247
32239
30765
29694
29188
27594
26795
25903
23493
22270
21295
21574
21682
22429
19850
16984
15757
15156
14577
13935
14747
14851
14831
14959
14429
14307
13211
12939
12891
12619
12165
12097
12244
11991
11334
10464
9856
9014
8474
8248
7655
7846
7524
7524
7282
7203
7693
7648
7924
8006
7450
7278
7279
7093
6974
6925
7000
7315
