CharlieM
730
668
753
643
746
705
723
642
796
685
797
707
761
691
704
767
714
714
728
678
1124
654
761
739
739
801
744
793
740
833
1107
978
1446
1618
1906
2193
2415
2537
2744
2890
2785
2574
2651
2475
2505
2579
2444
2512
2461
2187
2113
1973
2127
1977
1894
1923
1839
1756
1801
1747
1764
1757
1871
1827
1879
1724
1786
1912
1902
1829
1678
1682
1669
1536
1450
1437
1530
1453
1427
1417
1245
1221
1223
1166
1070
967
835
806
739
772
770
695
640
614
553
565
565
609
658
697
596
615
518
553
538
549
535
533
499
522
537
517
486
441
447
510
459
469
495
548
528
553
599
708
812
932
931
953
1089
1255
1428
1519
1530
1559
1683
