CharleneF
5
0
0
0
6
0
0
7
9
0
12
6
6
6
8
6
13
13
11
19
29
28
32
40
61
75
89
133
169
203
248
233
294
318
332
389
449
587
581
834
854
932
987
1009
1122
1174
1344
1394
1482
1580
1674
1704
1686
2060
2319
2354
2433
2387
3036
3476
3489
3540
3452
3439
3542
3503
3244
3303
3277
3148
3067
2743
2894
2827
2563
2732
2802
2592
2188
2079
1946
1999
1983
1733
1463
1208
1070
1074
1080
1068
938
934
1069
1004
1058
962
936
902
785
804
707
709
660
531
473
427
407
308
290
307
251
208
191
168
169
165
202
178
190
182
153
142
136
132
133
115
158
