CharlotteF
237
227
257
291
344
317
368
351
464
455
417
387
486
476
484
472
492
492
569
496
602
503
524
504
554
614
619
666
766
841
896
960
1375
1603
2008
2757
2995
3230
3373
3353
3623
3587
3582
3596
3613
3549
3513
3677
3473
3537
3407
3401
3364
3111
3433
3468
3555
3537
3624
3740
4290
4563
5021
5481
4927
4529
4971
5386
5165
5144
4734
4646
4205
3813
3759
3327
3267
3261
3012
2968
2779
2935
2679
2597
2421
2471
2301
2021
2002
2028
1991
1744
1536
1330
1252
1081
956
939
829
856
849
834
792
835
786
943
860
823
856
893
960
977
963
943
942
997
945
954
996
1002
1104
1378
1602
1763
1993
2441
2778
3326
3667
4182
5354
6421
7471
9285
10094
