ChesterM
168
274
300
290
338
273
287
207
288
274
263
252
285
291
325
378
329
290
321
288
364
253
321
327
355
388
420
424
461
475
561
708
1460
1765
2289
3043
3212
3338
3692
3431
3699
3551
3131
3150
3029
2722
2535
2406
2242
1967
1789
1719
1606
1398
1383
1431
1278
1271
1235
1297
1352
1447
1557
1630
1521
1444
1620
1713
1557
1439
1378
1402
1452
1378
1419
1253
1257
1178
1050
1000
935
887
775
733
710
629
536
533
502
544
515
508
411
422
429
355
371
393
378
354
350
349
331
292
285
262
220
251
227
226
226
209
203
154
149
144
123
122
116
99
103
81
96
92
88
94
70
81
90
71
73
81
71
75
84
