ChristianM
43
53
49
50
54
55
33
47
51
51
49
34
42
39
40
53
36
39
30
42
35
38
33
36
30
26
33
32
29
29
40
41
91
91
122
151
154
149
155
125
143
132
160
116
125
105
113
112
114
93
94
87
86
76
92
71
91
85
99
94
99
123
108
135
135
141
182
187
203
218
268
271
323
335
352
349
392
327
425
583
660
606
650
673
711
729
889
1324
1781
2194
2628
2645
2963
2693
2489
2463
2266
2298
2212
2268
2312
2232
2573
2416
2723
2914
3206
3322
3928
4618
6776
9439
11953
11885
11984
13809
15823
15058
14507
14777
16054
15447
14587
13893
13912
14197
14469
14047
13049
12630
11084
10304
9603
9305
8429
