ChrisM
49
52
39
47
57
50
62
46
59
42
32
32
49
40
45
41
53
35
33
36
45
26
37
35
27
25
30
29
37
48
32
43
76
81
126
145
148
145
179
128
180
147
169
155
178
182
168
153
165
170
172
154
208
142
180
181
190
197
228
246
316
321
382
446
529
551
827
1117
1287
1389
1249
1467
1684
1571
1795
2188
2529
3256
4455
5669
6501
7207
6784
6343
5639
5485
5256
4620
4251
4290
4465
4295
3480
2706
2279
1961
1603
1493
1337
1267
986
830
712
647
619
609
533
511
493
537
487
509
460
445
442
487
551
531
599
622
650
695
686
678
673
721
840
904
939
860
716
580
647
620
537
