ChristopherM
95
68
89
89
68
71
66
56
79
71
66
62
100
93
72
60
73
57
43
42
55
34
47
50
43
50
49
52
54
50
70
83
151
157
200
242
260
263
272
264
294
289
307
295
297
286
270
286
266
274
267
237
244
208
272
270
277
294
308
359
500
618
814
890
1003
1138
1601
2272
3038
3999
4845
5715
6283
6061
6073
7902
8374
8969
11074
12906
15368
17228
17529
18365
19645
24647
27881
29431
31479
35712
41792
48250
52192
48324
48619
46588
45223
46754
47251
50676
49088
50224
59222
59336
60017
59593
56677
54476
52980
53180
52331
47096
42460
38229
34797
32672
30901
29101
26999
25601
24928
23118
21674
20741
19622
19159
19668
19999
17936
16339
14259
12983
11873
10829
10322
