ChristineF
89
67
75
103
129
132
151
161
170
189
220
161
222
244
267
295
274
281
302
299
383
275
323
363
325
344
408
452
504
524
665
686
944
1045
1374
1625
1787
1843
2014
2111
2180
2301
2267
2257
2327
2252
2214
2347
2177
2016
1989
1884
1860
1792
1919
1743
1723
1742
1842
1988
2163
2471
2899
3315
3583
4076
6202
8374
9679
11799
12677
15018
17540
11795
8787
9034
9379
9576
10056
9469
9880
10587
11195
13390
14270
15196
15548
15992
16519
16756
16061
13678
11991
10550
9898
9104
8108
7887
8275
7689
7084
6856
6554
6496
7295
7440
6916
6617
6608
6133
5676
4808
4147
3479
3161
2814
2371
1940
1715
1498
1440
1245
1026
941
844
792
728
616
568
488
430
378
433
396
409
