ChristinaF
65
82
64
69
83
107
98
92
114
142
139
124
127
139
121
126
118
120
131
112
132
110
111
90
123
118
120
128
118
120
130
148
202
216
291
339
346
361
346
386
384
384
371
357
385
375
350
341
371
333
317
292
251
271
284
275
252
250
291
262
344
373
433
582
759
776
965
1284
1493
1830
1725
1957
2170
1773
1389
1813
2111
2252
2309
2349
2711
3469
3627
4023
4702
4977
5343
6599
8008
9326
9588
9915
10169
10889
10851
12975
14035
14496
16369
16460
16139
14393
14513
15360
14700
16596
14377
13815
12953
13136
11925
10561
9440
8285
7670
6951
5800
5179
4532
4295
4325
3740
3385
3109
2732
2450
2226
2018
1674
1462
1285
1178
1121
1056
1015
