CindyF
5
5
5
0
0
0
0
0
0
5
0
0
0
0
5
6
6
0
0
0
6
0
6
6
0
5
12
10
8
12
5
10
8
11
14
5
9
14
10
12
13
8
20
13
12
9
19
15
20
29
28
29
53
63
74
104
225
238
264
332
677
1133
1163
1261
1470
2032
2551
3823
4713
5589
9987
20258
16582
16967
14949
13386
12298
11088
9320
7779
6793
5780
5239
4957
5048
4906
3737
3283
2850
2505
2261
2159
2044
2086
1866
1746
1729
1549
1541
1593
1445
1424
1556
1568
1567
1613
1671
1642
1508
1498
1497
1421
1293
1332
1244
1231
1219
1160
1053
985
881
819
730
567
552
444
367
342
392
