ClaireF
21
23
30
38
33
49
61
58
73
62
72
84
86
92
96
118
106
105
133
121
156
122
156
164
163
184
213
206
235
259
274
333
440
490
571
809
838
926
1072
953
1019
1210
1339
1392
1583
1502
1676
1838
1733
1699
1653
1626
1508
1372
1309
1124
1083
958
1074
931
950
954
1027
1002
1008
916
1116
1179
1025
1090
1039
1062
1076
1089
1032
993
986
1031
960
995
899
811
807
675
607
527
500
390
354
378
345
300
276
407
366
387
376
477
481
540
567
681
814
855
978
1185
1304
1332
1447
1671
1852
1818
1948
1895
2172
2473
2737
3039
3641
3732
3710
3641
3404
3570
3333
3292
4012
4611
4598
4824
4915
4895
4943
4656
5007
