ClarkM
49
66
54
45
55
45
49
54
45
51
51
36
61
50
50
53
58
58
42
46
75
52
31
49
46
48
53
43
54
51
71
68
187
191
242
289
335
346
327
327
308
357
326
328
283
272
264
293
241
243
255
243
336
370
428
376
437
433
487
396
426
456
539
504
437
425
522
596
552
594
624
634
638
646
718
724
707
638
671
633
607
877
800
732
668
625
528
470
426
411
382
324
273
225
197
225
197
256
216
243
262
261
304
320
304
284
315
298
318
340
341
303
276
264
268
285
261
245
222
226
218
200
211
220
261
245
323
385
341
336
335
385
472
614
811
