ClarenceM
730
668
837
837
889
906
995
892
1022
984
1018
1007
1276
1169
1185
1325
1254
1201
1326
1139
1483
1196
1292
1261
1310
1377
1319
1389
1428
1518
1706
1774
3590
4046
4909
6267
6304
6586
7188
6825
7224
7332
6862
6803
6896
6666
6537
6462
6068
5727
5491
5064
4893
4278
4212
4078
3770
3756
3635
3481
3484
3671
3737
3854
3579
3189
3567
3921
3793
3393
3344
3222
3163
3077
3177
3010
2950
2629
2518
2377
2201
2190
1949
1960
1774
1802
1532
1378
1380
1339
1384
1372
1216
1100
1006
912
953
886
935
912
860
846
842
795
732
676
693
631
653
635
618
591
517
498
482
425
376
360
349
317
309
301
262
259
250
296
249
248
218
192
199
191
191
175
196
