ClareF
15
20
21
22
38
27
26
31
43
34
35
34
56
30
56
47
53
48
59
37
63
47
57
57
59
67
59
55
70
73
94
84
132
113
169
171
215
189
255
233
237
241
229
240
217
254
241
241
231
208
231
234
227
198
188
167
167
168
143
156
173
162
163
211
224
217
241
267
223
246
265
255
248
322
260
319
271
293
333
313
321
335
318
286
244
180
167
149
132
115
116
75
78
110
104
110
116
115
123
130
131
142
183
170
210
208
211
248
253
279
338
323
323
328
355
387
450
446
510
507
484
461
433
417
419
411
438
473
453
405
420
414
379
377
385
