ClaraF
1226
1242
1490
1548
1852
1910
1916
1984
2230
2319
2496
2360
2661
2532
2603
2613
2582
2454
2731
2441
2826
2319
2432
2342
2281
2397
2228
2319
2352
2403
2665
2691
3480
3632
4240
5285
5544
5626
5779
5404
5469
5606
5124
5135
4990
4775
4463
4367
4101
4149
4123
3900
3561
3412
3224
3067
2683
2572
2664
2450
2315
2298
2247
2082
1934
1798
1915
1933
1793
1711
1573
1549
1510
1384
1183
1298
1147
1110
1030
982
914
879
797
751
698
568
552
512
416
416
357
338
366
332
315
337
310
297
287
342
391
320
326
310
319
357
387
402
418
424
466
525
536
593
587
658
663
645
760
783
868
952
1024
1050
1163
1324
1493
1547
1646
1645
1838
2073
2332
2504
2845
