ClaudiaF
48
52
49
58
50
67
59
74
81
88
95
81
95
89
108
96
92
85
103
89
125
84
97
98
100
122
142
143
134
155
137
178
224
235
286
387
361
342
428
355
389
419
401
356
380
376
386
361
376
313
337
375
330
411
500
719
792
795
837
902
861
1019
1360
1585
2221
1910
2307
2763
2623
2519
2537
2862
3382
2859
2515
2412
1915
1661
1584
1420
1193
1162
997
1002
994
817
795
904
993
1118
1224
1250
1360
1566
1610
1447
1409
1231
1200
1309
1404
1528
1438
1352
1351
1396
1331
1304
1267
1413
1491
1568
1595
1592
1502
1750
1807
1837
1706
1656
1608
1495
1396
1303
1202
1021
966
812
771
639
583
473
485
432
383
