ClaytonM
60
52
60
58
69
68
73
74
63
76
77
64
59
78
63
86
102
75
87
61
118
72
97
85
96
110
100
108
134
137
159
203
346
381
563
699
753
759
877
901
961
951
979
989
1039
932
956
920
831
856
800
831
788
654
718
700
705
700
639
633
603
662
700
766
658
636
752
813
721
750
754
813
862
871
845
919
966
1019
1125
1129
1248
1162
972
1022
934
884
776
746
758
798
834
968
931
1107
1096
1178
1191
1168
1084
1209
1276
1349
1707
1728
1816
1717
1668
1812
1887
1962
2029
1846
1908
2031
2369
2361
2338
2319
2265
2343
2564
2351
2160
2128
1921
1660
1594
1443
1575
1260
1359
1342
1362
1380
1354
