ClayM
18
24
17
25
32
18
28
23
31
29
32
11
23
33
42
33
30
25
40
23
41
21
33
27
32
34
36
31
33
35
28
52
75
89
107
132
133
125
146
128
147
160
189
134
151
144
131
155
135
107
131
117
123
115
116
110
124
117
113
122
128
106
123
125
110
97
114
145
171
176
181
224
268
269
339
426
485
592
716
833
904
901
705
654
574
439
360
363
389
433
457
520
440
473
420
454
435
423
369
345
350
332
345
373
383
417
410
467
488
451
494
464
433
494
689
714
648
642
622
603
641
573
596
519
383
330
307
281
250
213
272
315
321
321
266
