CliftonM
38
39
51
26
40
54
42
43
64
59
57
80
68
75
93
92
95
78
83
94
108
101
112
110
115
121
105
126
143
157
178
206
404
497
616
820
771
793
934
885
910
932
887
901
847
890
885
920
780
780
754
699
738
732
666
650
637
668
648
662
641
675
793
857
765
722
803
964
944
982
1024
953
938
961
1040
976
1000
1052
999
925
871
872
854
790
835
685
695
666
684
667
673
642
623
557
751
1215
871
827
869
783
804
788
718
610
644
644
609
552
518
506
440
411
355
311
267
249
232
221
240
215
232
201
163
172
159
156
146
154
131
132
107
112
129
110
118
