CliffordM
127
110
155
138
150
139
172
165
194
202
207
196
240
269
307
272
311
285
317
297
409
282
326
348
361
420
413
445
515
536
551
694
1345
1520
1960
2741
2767
2969
3299
3039
3292
3262
3158
3106
3249
3428
3191
3028
2858
2675
2696
2449
2283
2161
2314
2261
2134
2228
2274
2291
2184
2364
2533
2660
2396
2382
2616
2989
2794
2901
2945
3156
3318
3149
3141
2997
2906
2890
2816
2530
2466
2338
2183
2198
2022
1822
1612
1516
1609
1508
1581
1380
1267
1175
1150
1124
1066
974
1002
1046
1214
1178
1139
975
996
893
867
754
764
774
699
585
538
475
402
357
356
323
267
293
224
238
197
175
215
190
168
181
163
144
143
134
138
137
119
