ClintonM
79
87
79
87
101
82
85
71
101
95
90
87
84
80
80
91
93
90
92
70
91
76
92
106
109
98
100
139
140
171
162
179
362
386
566
681
662
670
822
812
908
873
916
866
832
861
842
793
789
762
693
687
700
640
642
717
653
659
657
657
632
735
738
710
690
682
804
944
856
911
829
899
876
844
788
832
959
1084
1074
1122
1095
996
916
986
1020
918
825
908
1124
1479
1597
1484
1487
1511
1548
1577
1660
1870
1765
1855
2165
2206
2081
1900
1851
1691
1527
1361
1396
1351
1500
1665
1466
838
586
476
395
421
322
259
289
257
245
252
258
279
240
289
248
224
198
219
227
220
232
