ClydeM
221
232
293
336
345
318
307
320
344
318
317
327
390
391
386
370
372
359
383
330
451
356
382
413
457
474
457
507
511
516
617
697
1314
1537
1954
2517
2707
2719
2918
2885
3069
3022
3005
2856
3005
2905
2874
2877
2711
2633
2632
2331
2319
2140
2323
2352
2152
2103
2131
1959
2013
1872
2204
2193
2079
1858
2064
2265
2073
2084
1986
2048
2011
1851
1774
1738
1719
1734
1557
1466
1374
1348
1141
1004
891
770
666
639
627
607
621
522
487
493
418
399
386
368
353
340
387
345
309
289
291
276
240
215
223
235
250
187
199
184
152
168
133
136
154
123
142
117
112
115
137
124
129
141
143
140
136
153
157
196
284
