ConnieF
12
12
13
9
17
22
21
21
21
26
37
31
40
39
39
40
44
48
51
52
59
42
59
78
78
74
89
103
116
131
129
151
185
229
293
336
399
417
439
434
494
531
536
576
635
673
722
741
657
665
783
995
1304
1321
1423
1537
1681
1908
2407
2296
2796
3204
3821
4509
4795
5337
7217
8642
8055
8219
8150
8721
8751
8574
9637
9974
9357
8763
8206
8663
8878
8982
8882
8164
7036
6153
5106
4578
3957
3545
3324
2751
2332
1939
1634
1407
1314
1210
1102
945
838
764
656
621
676
567
470
508
482
524
506
433
404
395
377
301
256
213
243
195
174
179
148
155
136
129
102
109
94
100
90
78
94
66
72
