ConradM
41
32
47
38
49
39
50
38
44
37
44
43
43
39
40
34
42
31
41
25
41
36
38
30
23
38
44
33
38
42
53
70
133
159
246
331
353
308
323
269
300
320
333
354
387
389
396
374
438
444
506
585
522
493
500
460
435
418
438
349
376
407
476
452
361
332
367
417
416
352
384
408
396
390
405
384
348
320
324
294
281
275
251
274
252
227
263
237
238
223
227
261
230
172
162
162
169
179
184
208
211
185
232
212
223
223
251
232
267
281
266
287
276
297
295
279
244
280
298
295
248
265
232
263
253
222
263
261
294
309
291
275
314
345
406
