ConstanceF
15
14
22
17
29
31
36
37
43
46
45
44
60
60
62
90
75
82
82
106
112
94
117
144
127
163
167
194
214
206
261
298
375
458
600
728
811
845
971
1078
1377
1686
1677
1686
1655
1654
1669
1522
1318
1326
1464
2072
2492
2192
1975
1803
1698
2028
2160
2009
2039
2275
2356
2552
2634
2600
3416
3895
3812
4328
4442
4367
4115
4026
3838
3662
2820
2418
1996
1840
1734
1704
1650
1584
1548
1834
1468
1233
1032
875
805
652
563
495
456
436
348
383
360
344
350
715
780
639
564
521
604
563
509
489
475
375
342
306
240
273
237
220
220
205
187
164
184
183
202
185
207
188
192
173
151
137
163
104
133
