CoraF
1045
969
1076
1081
1244
1253
1231
1257
1433
1365
1386
1343
1419
1308
1319
1295
1204
1246
1304
1056
1389
1027
1081
986
993
1044
952
969
962
969
1079
1022
1253
1288
1500
1683
1899
1737
1916
1939
1818
1829
1762
1691
1629
1681
1477
1492
1393
1389
1273
1182
1135
1157
1113
1070
1007
1139
1133
1039
965
1007
1001
874
818
750
801
846
837
847
737
670
666
651
611
577
553
517
434
453
455
420
411
401
351
371
313
234
235
202
234
222
201
195
206
182
212
223
225
193
214
221
238
224
224
221
237
195
201
246
230
255
249
297
328
313
327
325
468
529
564
603
606
694
698
672
844
917
1039
1098
1203
1549
2079
2583
2956
