CorinneF
33
25
33
20
39
35
33
42
69
68
102
76
94
89
99
108
102
96
124
103
122
126
119
118
127
139
125
119
154
152
146
185
240
223
279
323
332
340
369
340
390
393
372
372
631
593
689
605
582
531
444
384
326
340
348
291
265
290
256
289
234
210
299
300
236
231
309
382
340
370
510
440
584
520
572
556
512
537
477
475
553
572
596
508
480
405
399
325
351
363
340
329
308
299
283
263
284
397
847
788
663
608
588
511
498
440
460
406
446
547
642
772
655
611
507
462
389
348
400
418
476
434
385
390
351
328
326
433
336
376
381
340
360
368
382
