CorneliusM
92
80
107
92
88
96
95
79
105
77
84
75
103
81
100
86
85
91
78
70
116
76
96
92
106
86
94
106
86
98
96
138
243
277
283
372
402
387
453
415
433
449
436
395
402
390
369
391
383
373
369
360
353
315
313
292
290
279
279
269
262
253
275
265
239
262
228
311
326
311
285
327
337
290
333
339
320
337
323
321
323
338
265
279
261
280
245
264
246
274
307
305
365
453
485
417
411
409
426
399
438
454
422
386
410
378
390
392
374
433
396
369
353
305
272
261
244
222
237
230
207
185
192
222
172
175
203
200
199
166
141
154
151
150
152
