CraigM
5
0
0
0
0
5
0
7
0
7
0
5
0
8
0
5
0
0
5
9
6
5
7
5
0
16
8
10
12
8
11
26
37
38
72
57
59
89
57
77
80
82
111
87
97
80
102
85
106
105
112
106
111
138
170
205
330
322
348
383
539
891
1131
1321
1598
2470
3640
3986
4330
4889
5621
6189
6455
7184
7431
7426
7062
7292
9920
10719
10232
8540
7906
7754
7873
7740
7313
7869
8793
9379
7965
6730
6296
5538
5114
4740
4565
4477
4027
4234
4095
4021
4088
3956
3953
3924
3363
3303
3158
2906
2400
2070
1837
1507
1355
1198
1098
880
853
807
682
688
606
523
502
463
471
427
366
361
271
290
267
226
