CrystalF
11
6
8
0
10
7
9
17
11
17
16
17
20
18
26
34
27
29
28
32
53
63
37
35
50
40
60
48
88
79
85
138
143
171
142
113
123
137
117
109
100
122
97
91
91
99
81
82
75
68
98
88
81
80
83
80
102
128
175
158
136
117
235
325
275
270
319
550
623
675
758
886
931
1416
1305
1553
2001
2115
2103
2579
2947
2542
2422
2522
2754
2988
3819
4536
5041
5774
5619
6243
6946
9727
12592
13466
14257
15881
19101
17904
16562
14398
12691
11003
10100
9101
8218
7727
6599
5826
5199
4391
3787
3434
3174
2739
2549
2428
2143
2017
2034
1854
1741
1594
1365
1159
1001
932
816
658
658
