CurtisM
68
72
70
53
73
70
72
61
89
67
86
62
83
80
88
89
107
102
128
103
144
114
129
138
144
182
177
208
203
244
277
321
566
676
915
1058
1174
1243
1336
1346
1443
1478
1548
1539
1529
1520
1625
1589
1918
1945
1723
1635
1772
1679
1846
1751
1797
1788
2004
2011
2102
2163
2418
2525
2464
2393
2718
3037
3091
3087
3214
3711
4178
4356
4595
4970
5152
5339
5262
5525
5368
5438
5576
5371
5061
4693
4242
3967
3853
3681
3616
3428
3078
2691
2591
2330
2454
2606
2825
3205
3334
3193
2941
2847
2954
2941
2908
2907
2907
2964
2800
2589
2321
2097
1867
1709
1642
1496
1408
1269
1240
1123
1024
904
949
959
915
951
807
765
650
623
624
584
521
