CynthiaF
61
47
45
66
59
59
56
55
58
76
79
67
80
73
58
58
63
80
72
71
88
67
63
65
60
63
77
80
56
76
86
105
157
165
183
216
224
240
271
264
285
295
283
310
366
340
393
433
472
487
596
632
636
772
1021
990
983
1182
1365
1488
1881
2296
2726
2893
2572
3128
6892
10529
12242
12897
14451
16289
19885
25132
27612
27185
32347
39315
31000
30172
26725
24378
24021
21593
20323
19246
17413
15336
14048
13523
12923
12142
10173
8746
7554
6540
6014
5782
5404
4934
4701
4858
4424
4553
4622
4129
3423
3391
3784
3778
3794
3707
3549
3382
3159
2959
3189
2713
2632
2224
2038
1921
1831
1661
1519
1572
1419
1231
1072
891
833
730
748
600
632
