DaisyF
564
562
648
659
685
607
602
532
612
583
588
557
564
573
645
665
661
624
712
660
931
653
748
776
772
776
773
739
765
754
877
833
1044
1052
1202
1518
1511
1417
1524
1494
1490
1482
1530
1443
1459
1399
1289
1242
1245
1081
1062
1011
1078
872
939
903
775
813
785
822
774
740
802
759
743
635
578
680
645
580
533
540
503
548
498
498
496
491
533
462
463
411
396
391
373
336
318
279
269
299
308
303
246
294
314
328
320
316
282
370
527
723
632
1174
1145
957
800
772
1166
1253
1520
1608
1654
1579
1668
2223
2514
2303
2448
2470
2366
2371
2456
2408
2270
2321
2294
2157
2072
2069
2015
1890
1781
1625
1777
