DaleM
6
7
11
10
25
17
11
15
19
14
17
22
18
28
26
36
39
40
41
54
40
63
56
53
65
66
73
100
102
125
150
371
472
691
1081
1161
1248
1491
1428
1680
1956
2043
2172
2396
2300
2399
2504
2639
2664
2990
3009
3138
2924
3242
3272
3392
3339
3687
3532
3698
3788
3865
4233
3987
3958
5025
5934
6088
6228
6787
6963
7411
7339
7442
7157
7709
7879
8478
8347
7686
7185
6367
5694
5160
4400
3983
3536
3259
3157
3002
2544
2064
1802
1690
1531
1480
1359
1324
1280
1238
1250
1133
1094
1030
1093
980
930
881
854
907
758
704
642
650
570
554
503
483
441
406
613
466
408
353
323
289
284
260
224
189
165
163
144
180
