DallasM
20
25
27
19
19
20
25
16
30
33
32
33
30
26
25
33
29
36
28
25
40
29
31
39
38
40
41
49
48
58
59
51
135
126
183
266
255
265
330
301
350
372
380
352
328
370
427
415
375
399
382
413
416
383
403
411
361
406
553
509
483
485
480
492
415
381
383
432
435
368
415
435
424
453
405
416
412
367
369
368
351
341
353
359
335
320
300
274
302
301
357
350
304
280
291
344
327
336
463
610
680
586
536
459
551
563
537
562
591
590
591
693
895
1156
1303
1374
1289
1182
1007
950
943
878
804
683
788
814
863
947
991
931
1000
956
979
1159
1361
