DanM
140
148
150
120
151
129
154
140
154
116
160
113
156
143
114
96
133
115
125
119
192
117
124
155
156
153
128
160
152
163
188
205
298
374
447
578
594
595
711
747
764
717
804
731
800
773
879
923
907
801
898
883
922
939
940
1014
964
1033
1039
993
1097
1151
1344
1537
1490
1726
2191
2703
2490
2280
2087
1991
2310
2163
2160
2298
2438
3190
3693
3679
3698
3415
3116
2827
2365
1995
1541
1328
1271
1163
1021
903
676
572
479
448
401
377
342
330
334
363
312
278
266
265
268
229
250
240
233
228
209
208
177
169
174
164
148
139
162
143
152
143
135
155
134
147
135
116
116
108
106
86
101
