DanaM
12
9
14
6
11
9
8
7
6
8
7
15
10
10
13
12
10
7
9
15
19
11
9
9
11
15
15
15
14
16
19
26
45
53
64
89
85
98
107
83
98
107
128
110
112
116
114
141
129
122
123
130
130
134
128
120
118
133
132
144
141
145
161
186
260
340
580
946
1021
1079
1200
1285
1377
1502
1736
1567
1635
1617
1532
1699
1668
1695
1797
1621
1355
1217
1016
1033
1019
1007
1038
1099
1031
1012
814
858
671
638
539
627
508
542
529
476
489
482
467
419
384
357
346
335
271
246
197
186
161
151
117
113
113
99
83
78
65
74
64
73
63
57
44
40
40
28
37
