DanaF
6
7
10
6
8
0
8
0
7
11
8
8
7
9
13
10
12
15
20
6
6
14
11
7
10
11
15
13
21
13
18
22
39
37
45
55
66
51
69
89
65
80
67
79
80
84
69
87
76
95
93
108
95
128
168
150
151
169
245
282
314
417
503
645
709
716
745
853
929
1075
1145
1197
1352
1570
2073
2408
2388
2971
3091
3545
3962
5046
6087
4727
5280
4932
5014
6024
6409
6932
5609
4931
5157
4621
4410
4340
4004
4949
4439
4247
4236
3923
3940
3345
3072
3420
3191
3001
2932
2417
2153
1988
1806
1756
1800
1683
1424
1321
1015
945
892
800
704
790
809
727
680
573
654
469
455
372
353
