DanielM
643
527
594
615
573
535
555
557
566
515
505
505
533
522
515
516
561
520
523
485
598
416
501
432
472
484
506
528
530
569
692
795
1524
1878
2324
3002
3151
3359
3726
3528
3896
4089
4283
4268
4400
4551
4514
4615
4437
4367
4465
4359
4448
4310
4500
4589
4816
5125
5581
5797
6220
7049
8506
9167
9315
9707
12867
15191
16511
18234
19201
21105
23429
23479
25262
26437
26626
27307
25610
25135
25973
25882
25554
24830
24356
24860
23276
22212
22024
23194
23543
21786
22112
23699
23845
23831
24721
26080
26443
28522
29892
30990
32650
34743
36515
38530
36560
35857
34685
34992
33809
30913
29144
28674
28056
26709
25102
23930
23143
22674
22310
20972
21305
21032
20970
20203
20051
20239
18993
17527
15819
15258
14251
14251
13887
