DannyM
7
8
9
5
7
5
0
7
8
10
10
9
14
33
28
40
43
64
72
77
90
102
108
124
126
175
224
208
277
315
390
387
422
502
604
670
757
1023
1208
1270
1478
1643
2203
2899
3514
4175
6648
8062
8006
8022
8152
8172
8823
8611
9088
8701
8556
8811
8942
8726
8606
8199
7642
7098
6475
5675
4721
4312
3982
4013
3764
3613
3306
3178
2859
2741
2495
2438
2204
2260
2266
2093
2051
2016
2001
2015
1912
1845
1897
1912
1916
1846
1623
1422
1279
1258
1206
1139
1055
1068
1056
1017
1157
1082
1038
1049
1073
1063
995
1002
997
862
773
759
704
