DarleneF
5
0
0
6
0
9
8
8
11
6
6
12
14
18
19
20
30
50
81
89
131
170
181
229
274
384
423
493
638
744
873
1109
1186
1301
1544
1822
2019
2408
2606
2702
2963
3285
3319
3287
3120
3346
3515
3773
3531
3626
4662
5256
4691
4798
4833
5027
5432
5589
5508
5644
6916
7780
8271
6870
6100
5729
5108
5152
5170
4359
3725
3071
2657
2459
2176
1823
1417
1162
1020
907
829
773
718
666
653
639
583
528
458
471
451
441
480
479
505
468
378
370
345
272
283
249
256
224
273
265
250
203
236
225
242
223
236
213
207
193
215
186
170
