DarrellM
5
0
0
0
0
5
0
0
0
5
6
0
5
5
5
6
10
14
8
9
7
11
8
9
11
14
23
18
15
29
38
94
116
130
231
222
241
250
291
359
370
379
462
508
524
579
602
649
695
828
834
991
1027
1128
1151
1206
1260
1354
1340
1431
1529
1591
1530
1579
1521
1908
2283
2335
2519
2500
2738
2879
3141
3638
3897
4457
4572
4772
4639
4149
4194
3881
4094
3970
3892
3497
3652
3448
3247
3150
2818
2310
1979
1840
1673
1664
1655
1466
1527
1462
1360
1391
1333
1335
1322
1308
1231
1213
1206
1129
1019
915
876
746
628
609
556
533
545
499
453
405
400
410
401
414
415
388
317
303
338
286
284
257
