DaveM
131
135
139
135
159
128
139
111
146
116
152
124
138
113
129
139
118
121
127
120
166
105
112
88
102
137
98
107
116
102
178
135
222
249
267
295
329
323
358
360
373
320
326
321
343
362
353
378
324
331
339
383
386
376
459
469
525
593
626
663
769
866
1053
1088
1127
1076
1398
1694
1507
1164
876
743
769
766
831
1057
1356
2185
2952
3317
3048
2798
2364
1998
1534
1159
868
772
668
564
521
413
313
241
228
186
181
191
165
155
160
170
171
146
152
147
139
134
162
127
124
133
123
123
115
113
90
91
90
103
96
98
109
115
100
100
90
101
93
84
71
70
78
78
77
