DavidM
869
750
838
734
761
712
674
673
801
757
731
673
813
724
729
707
765
730
815
647
885
672
761
716
817
838
878
945
1017
1094
1258
1556
2858
3282
4251
5395
5813
6100
6627
6719
7445
7767
7864
8236
8757
8919
9035
9431
9998
11295
12275
11777
12135
12019
14001
15661
17476
20975
22991
25360
27685
30550
35894
37239
37378
37096
46432
57799
56610
59611
60761
64761
71750
76079
79523
86200
81600
82371
82585
83925
85936
84769
81332
78478
75065
67882
66435
66812
63740
63720
61773
53133
46383
41112
41807
39175
39298
40548
40699
42076
41921
40646
40445
39192
38473
38506
37136
36776
35305
35210
33739
30415
28405
27019
24863
23030
23004
21874
20871
20322
19755
19332
18665
18606
18377
18102
17614
17521
16307
15424
14176
13208
12507
12334
12159
