DavisM
17
13
9
11
11
21
18
12
19
21
20
16
20
16
12
14
21
11
14
12
20
29
8
22
24
21
33
19
20
19
40
31
47
54
80
104
115
114
133
150
117
142
140
125
174
140
122
142
135
110
109
120
113
96
117
104
122
117
122
114
118
108
122
130
94
126
145
147
159
155
127
143
142
128
147
150
139
123
137
139
134
138
112
123
107
117
108
115
99
97
132
118
96
99
85
99
112
114
124
132
139
160
172
157
178
181
240
250
271
290
280
297
392
457
541
560
567
645
676
704
681
733
666
704
743
730
732
756
724
665
657
628
684
647
666
