DawnF
5
0
7
0
7
0
5
0
7
0
0
0
0
0
0
0
5
5
6
6
8
0
8
8
17
13
30
58
57
54
49
63
84
94
104
131
141
130
175
194
188
223
221
291
320
306
288
399
511
456
471
468
427
530
674
765
654
745
1040
1269
1241
1286
1413
1532
1885
2640
3353
4216
5127
5160
5676
7897
7814
9148
8983
8418
12616
13336
13604
13165
13437
13770
15679
14281
11341
9890
9417
8748
7050
6094
5218
4725
4478
3837
3088
2640
2106
1731
1452
1153
1063
858
740
669
613
497
391
320
260
318
264
230
239
179
196
200
156
125
129
122
113
112
92
93
89
77
94
