DeanM
14
17
9
12
13
10
15
9
12
21
25
26
23
15
28
20
17
40
28
25
46
32
40
27
28
42
38
41
43
44
53
94
198
224
337
453
504
559
668
722
788
876
983
1011
1150
1196
1245
1334
1285
1287
1364
1346
1414
1311
1476
1437
1331
1313
1338
1295
1222
1289
1286
1503
1574
1586
1886
2002
1908
2102
2336
2893
3154
3118
3165
3083
3714
4370
4295
4431
4521
4927
4662
4617
4512
4098
4045
3918
3804
3448
2942
2246
1685
1415
1223
1026
886
868
769
846
817
749
767
748
761
801
838
821
859
889
893
820
835
835
832
768
843
804
771
716
695
744
711
685
746
754
778
905
951
1059
1180
1235
1376
1507
1705
