DeborahF
12
14
15
16
13
10
10
15
26
12
24
15
16
24
18
13
18
23
21
11
26
21
21
21
23
18
25
21
25
26
33
36
32
42
62
106
90
89
92
70
82
94
71
118
125
82
116
91
130
161
165
158
208
243
280
279
299
323
410
443
469
608
676
788
1293
1464
2470
5838
11246
19208
29073
42045
49809
52196
54674
52314
47829
40065
32936
29552
25269
24092
22893
21062
19306
17083
16250
14007
12286
11186
9853
8675
6279
4984
4345
3415
2994
2677
2479
2181
1938
1905
1842
1605
1468
1401
1284
1203
1056
1076
1094
1014
919
797
740
660
633
638
553
524
545
489
474
421
427
425
423
371
355
346
354
332
336
329
369
