DeliaF
129
111
143
162
145
155
169
150
200
182
197
177
203
194
172
193
190
186
179
180
231
164
132
145
184
171
125
162
168
147
149
170
171
198
248
280
267
283
294
300
282
271
247
293
289
273
282
293
298
302
294
310
296
328
290
265
252
284
265
267
256
284
327
305
286
271
336
377
356
413
402
419
452
480
458
462
479
491
457
486
479
468
414
437
433
363
340
314
311
298
327
306
297
307
240
271
325
334
288
280
284
253
223
266
202
183
193
198
187
219
246
230
198
226
172
217
187
232
246
236
221
205
198
248
247
260
237
271
229
227
244
249
218
177
216
