DellaF
391
428
447
453
541
500
565
496
621
606
631
607
666
660
681
648
642
624
656
595
748
534
609
611
607
593
557
582
549
568
602
645
733
789
879
1086
1172
1192
1162
1190
1137
1153
1155
1126
1049
1028
1008
947
896
867
887
863
841
850
796
775
719
787
748
680
649
673
681
682
635
532
588
732
611
574
620
653
615
549
590
591
543
538
663
675
745
615
520
535
469
389
369
326
325
291
291
247
204
173
166
164
145
180
119
115
108
98
95
90
74
59
84
62
64
79
56
55
59
49
57
53
54
42
37
50
45
44
62
68
75
78
87
67
77
115
132
118
174
164
194
