DeniseF
5
0
0
0
0
0
0
7
0
0
0
0
6
0
0
0
0
0
7
0
6
6
6
7
6
7
6
7
7
5
13
17
23
25
29
29
27
28
61
37
53
47
52
50
60
78
88
107
83
102
117
112
125
157
200
255
236
260
327
346
445
462
445
633
1585
1698
1930
2236
4516
8123
11652
11944
13713
14558
14512
15141
14946
14663
15071
15377
13982
14092
14728
13032
11797
11080
9874
9801
9344
8217
7385
6618
5396
4462
3990
3681
3520
3266
3146
3203
2894
2572
2460
2433
2204
2104
2064
2033
1955
1744
1628
1457
1390
1301
1229
1074
999
964
963
1049
956
956
893
917
852
881
895
692
618
473
410
356
359
