DennisM
128
99
135
112
113
112
98
93
106
111
102
89
82
83
84
108
90
96
99
86
132
79
85
75
90
106
89
111
101
120
135
166
268
324
382
514
532
582
637
626
624
727
677
774
807
825
838
920
958
997
1173
1201
1421
1686
2052
2593
2628
3158
4237
6211
7845
9561
13280
14112
13674
14989
21443
23683
21751
21746
22859
24234
24553
23633
20752
20397
18359
16895
16411
16038
14317
12480
10623
9835
9327
8212
7789
7645
7402
7362
7321
6592
5609
5183
4877
4729
4169
4152
3861
4082
3807
3633
3390
3048
2952
2842
2706
2754
2649
2676
2492
2313
2166
1963
1787
1687
1540
1486
1317
1337
1338
1177
1081
1106
1007
1034
1024
962
832
837
723
683
658
622
573
