DianeF
5
8
9
6
6
8
14
5
12
11
18
20
33
35
52
72
75
99
103
93
80
87
80
72
111
115
123
122
117
159
616
796
742
857
1439
1603
1874
2195
2146
3173
3828
4339
5172
6426
9550
11326
10711
12226
15829
17775
16605
17248
17636
19839
21061
21350
22044
23288
22513
22083
20815
19976
17899
16204
14821
13201
12865
10362
8749
7810
6585
5945
5185
4206
3095
2604
2230
1906
1693
1646
1432
1330
1286
1271
1349
1377
1197
1169
1013
894
818
803
730
710
612
543
450
440
391
373
358
305
324
260
282
252
270
241
209
226
201
133
140
127
121
109
122
