DianaF
10
7
8
10
15
13
13
16
6
20
13
16
20
24
23
23
30
18
27
31
29
23
36
26
36
31
38
35
55
44
55
56
86
101
152
157
159
149
209
213
232
242
267
284
276
304
320
351
408
538
564
538
660
729
860
804
834
1334
1466
1712
2193
2543
3856
4337
4309
6048
7542
7621
7702
7533
7444
7395
7392
7442
7627
7846
7850
9428
9160
8634
8330
8189
7839
7314
7069
5930
5502
5340
4992
4533
4375
4213
3547
3520
3512
2915
2757
2847
2884
2779
2616
3970
4424
4037
3965
3684
3664
3352
3485
3685
3544
3340
3249
3389
3367
3165
2951
3583
3854
3327
3165
3195
2905
3148
3554
3156
2840
3181
2444
1943
1621
1543
1283
1174
1090
