DixieF
15
10
20
16
27
24
22
29
38
39
41
29
36
31
38
32
40
34
48
45
54
32
48
57
50
53
70
67
74
87
86
92
129
155
164
206
235
255
350
307
326
321
307
330
388
340
369
372
387
358
512
617
629
646
832
930
1104
1161
1229
1175
1169
1046
1060
1044
945
883
985
1063
865
849
687
752
772
942
746
649
626
609
494
491
457
381
360
349
323
208
220
159
157
182
160
153
190
187
183
203
172
186
140
116
171
135
125
151
113
103
75
91
79
131
105
120
100
117
95
89
108
81
81
99
113
148
124
136
116
151
147
295
278
287
281
310
313
293
344
