DoloresF
13
10
10
14
13
11
11
14
30
18
21
25
28
31
54
41
39
48
56
64
91
68
108
114
138
142
183
192
212
220
294
363
522
706
934
1280
1374
1562
1835
1911
2365
2557
2715
3370
3729
4146
5218
6770
9613
11501
12837
10805
9631
8018
7688
7373
6417
5567
4807
3979
3606
4384
4270
3697
3077
2704
3064
3072
2761
2464
2228
2142
2042
1980
1963
1779
1661
1569
1525
1419
1368
1339
1273
1114
1081
828
771
677
595
586
564
478
397
372
305
290
324
295
281
290
279
282
279
218
177
199
174
192
147
182
172
135
144
159
127
124
133
104
105
87
88
92
84
62
64
47
87
61
62
40
33
40
37
38
42
