DominicM
6
0
5
0
5
7
6
10
0
6
10
14
14
9
9
14
13
24
21
25
29
32
33
49
55
53
121
217
258
362
469
530
505
552
536
536
552
534
583
486
545
463
414
379
396
378
373
320
277
242
288
265
259
234
247
233
256
302
268
237
234
297
283
312
312
303
336
296
352
356
386
391
436
430
437
441
446
431
501
589
499
472
536
546
603
633
585
583
632
645
677
752
1049
965
1032
1019
1013
1054
1057
1234
1328
1365
1334
1397
1471
1625
1965
2440
2532
2769
2506
2669
2928
3098
3097
3245
3634
4852
5216
4878
4989
5570
5412
4953
5323
5291
5423
6174
6306
6228
