DominickM
6
5
7
0
6
0
7
0
14
12
9
11
15
18
15
15
23
17
31
25
29
19
34
28
31
44
62
62
91
93
119
275
325
424
521
568
507
594
489
564
575
548
580
580
537
466
500
474
465
422
390
367
308
254
271
237
250
235
230
236
274
320
281
257
235
242
289
266
256
256
315
329
323
314
332
335
311
338
327
347
314
298
338
313
307
315
257
282
336
301
255
276
266
253
292
274
319
320
320
321
326
342
312
375
422
419
423
481
551
588
644
821
905
883
883
933
1096
1096
1134
1190
1109
1555
1779
1604
1688
1732
1629
1538
1437
1325
1291
1360
1283
1120
