DonM
34
26
46
54
47
35
61
39
50
62
61
48
68
64
72
78
66
49
49
65
81
48
79
64
75
85
87
81
107
110
140
167
332
388
521
747
744
757
931
955
1020
1172
1184
1293
1451
1654
1961
2305
2383
2517
2922
3175
3454
3453
3924
3914
3829
3815
3899
3585
3543
3533
3563
3815
3585
3483
4111
4003
3544
3060
2715
2618
2562
2712
2743
2645
2892
3354
3579
3620
3454
3149
2908
2524
2303
1912
1650
1474
1405
1349
1279
1093
978
893
798
763
721
734
587
654
599
653
552
477
471
473
467
450
453
394
332
354
293
308
231
299
233
194
207
187
193
183
155
155
140
138
169
126
133
136
111
113
95
125
112
