DonaldM
46
27
48
52
59
47
57
60
77
75
109
100
137
166
169
203
211
195
238
258
328
250
366
359
413
426
486
616
664
725
860
1275
2872
3703
4836
7117
7737
8728
9974
9902
11940
13777
14917
16436
17925
19197
20904
23838
25704
27181
29045
29100
29774
28429
30405
29655
28633
27862
26660
24057
23106
22624
23949
24410
23459
22135
26257
28254
26443
27109
26997
27918
28265
28348
29253
27699
28204
27860
25002
23867
22735
21404
20418
18909
18063
16043
14721
14226
13373
12777
12403
10874
9268
8368
7762
7198
6796
6867
6426
6513
6270
5912
5717
5327
5063
4749
4659
4499
4325
4325
4177
3647
3265
2996
2653
2253
2185
1970
1861
1747
1610
1469
1288
1307
1249
1150
1097
997
990
838
761
786
724
705
734
