DonnaF
17
15
19
21
22
26
29
39
37
41
33
37
43
42
44
44
40
53
52
52
81
53
55
78
61
59
84
100
98
123
107
149
227
267
283
483
606
652
746
774
959
1111
1349
1578
2125
2430
3008
3992
4468
5138
5980
6599
7362
7358
7867
7791
7933
8883
9696
9369
9229
10446
12984
14914
15173
15397
19766
23517
22034
22054
21632
24070
23713
24229
27430
27938
29844
28048
26944
36462
34134
28667
25727
25399
23809
19698
17031
14784
12757
11451
9969
8011
6264
5060
4355
3424
3033
2583
2461
2199
2010
1699
1530
1378
1180
1191
990
1030
1040
991
861
739
679
581
662
493
420
422
433
373
369
355
375
323
331
305
325
259
277
261
256
199
188
174
161
