DoraF
524
585
594
640
720
776
827
842
898
882
883
870
960
877
827
884
874
862
929
717
958
768
780
778
788
757
761
786
806
829
833
888
1061
1183
1343
1666
1725
1740
1738
1835
1865
2026
1807
1904
1997
1946
1773
1788
1641
1584
1499
1363
1434
1242
1252
1168
1163
1086
1134
1043
1039
951
969
1022
923
882
943
1038
1025
924
896
1028
929
918
904
909
992
955
860
895
927
867
840
852
883
723
663
595
548
521
534
480
455
385
392
406
400
296
295
292
301
284
273
238
234
232
196
210
215
195
192
194
197
166
162
166
171
169
143
163
127
164
163
167
164
154
138
99
90
100
80
85
91
77
88
