DorisF
9
10
16
21
23
30
28
38
55
60
87
86
134
134
187
198
307
349
429
431
557
530
656
629
736
812
856
1023
1156
1298
1536
1812
2657
3049
4428
6292
7161
7819
9061
9434
11892
13152
13797
14610
15785
16075
16299
16511
16567
16496
15467
13621
12909
12021
11624
10604
9221
8881
8604
7683
7765
7078
7175
7128
6323
5822
5986
6028
5547
5282
5056
5017
4951
4902
4454
4243
4091
3729
3312
3139
2900
2570
2377
2126
1932
1625
1419
1176
1023
1040
863
751
606
479
456
384
352
339
331
285
297
271
272
248
244
264
211
227
225
207
230
214
225
179
169
145
128
118
121
116
105
108
91
90
101
92
89
92
94
81
67
75
102
81
122
