DorothyF
112
109
115
141
163
196
230
272
373
377
458
566
626
821
1052
1127
1366
1472
1671
1687
2491
2173
2707
3078
3477
3937
4326
4967
5703
6253
7318
8869
12645
14674
18782
25154
27415
28853
32034
31734
36645
39083
37711
39045
39996
38572
36614
35987
33728
31477
30404
26521
24968
22050
21280
19400
17668
16571
16348
15170
14874
14561
15032
14785
13378
12328
12796
12751
11326
10406
9555
9082
8608
8154
7791
7241
6862
6401
5539
5238
5077
4726
4075
3791
3535
2960
2667
2316
2084
1778
1802
1626
1277
1175
1100
975
983
934
913
889
895
787
828
759
682
719
629
614
608
620
596
498
508
476
442
376
350
315
312
335
312
317
263
291
288
234
265
262
242
226
240
276
277
334
382
