DouglasM
29
16
32
33
36
30
35
34
50
39
38
33
57
56
66
61
72
58
71
73
107
83
76
100
64
85
99
99
111
126
169
169
350
428
502
734
816
981
1432
1328
1657
1566
1636
1615
1675
1678
1778
1820
1914
1964
2165
2200
2285
2251
2540
2528
2375
2606
3509
3564
3731
4148
11234
8235
6995
7395
8331
9898
9466
11322
12268
13889
13678
14133
14711
15305
16364
16727
15780
15281
15148
15965
15920
15103
14611
12788
11407
11430
11417
11258
10417
8738
7395
6604
5848
5352
5235
5298
5154
5171
5184
4787
4514
4180
4142
4022
3760
3802
3652
3699
3544
3156
2629
2461
2161
1946
1791
1585
1402
1288
1173
1081
952
976
798
821
822
756
687
587
533
503
450
489
455
