DuaneM
5
0
5
0
0
0
5
0
8
0
0
5
5
7
5
6
0
6
16
12
5
11
16
11
21
26
27
74
79
114
196
215
209
303
311
455
546
625
725
816
895
963
1083
1211
1246
1520
1727
1709
1763
1837
1829
1725
1630
1615
1495
1387
1533
1620
1622
1562
1583
1711
2093
1964
1994
1964
2152
2226
2338
2321
2342
2598
2613
2612
2964
2952
2731
2605
2596
2526
2275
2117
2110
1964
1888
1773
1616
1678
1335
1202
1042
1053
1047
837
829
720
612
596
530
552
566
452
428
390
401
357
333
325
270
259
252
236
202
206
175
183
175
176
154
160
147
150
147
158
120
128
128
128
108
100
