DwightM
12
21
17
11
21
30
17
19
21
16
24
25
28
24
25
22
28
25
35
41
59
37
40
28
46
35
59
58
50
43
55
87
186
206
284
337
397
349
405
380
412
493
447
431
450
470
468
464
454
471
542
566
636
516
506
475
418
406
435
394
457
536
716
1235
1501
1753
1754
1542
1651
1718
1814
2051
2408
2693
2036
2153
2366
2025
1698
1594
1723
1663
1514
1449
1258
1227
1051
985
943
1200
1026
907
773
715
701
672
602
575
489
544
516
517
491
536
571
501
509
549
487
488
493
466
409
361
361
303
266
244
255
243
215
186
162
176
195
152
161
164
142
168
142
138
136
132
129
