EarlM
335
314
377
389
464
481
570
537
675
688
744
674
888
819
896
851
892
829
883
821
1037
818
877
837
854
904
912
1006
999
1007
1109
1305
2518
3110
3842
4908
5553
5632
6322
5977
6529
6754
6461
6339
6525
6435
6444
6403
5970
5738
5561
5040
4821
4374
4628
4216
4107
3944
4007
3891
3942
3805
4044
4185
3875
3566
3830
4242
3978
3653
3593
3566
3457
3432
3418
3253
3301
3135
2794
2685
2565
2523
2304
2157
2196
1948
1752
1652
1652
1624
1629
1504
1251
1157
1079
1023
941
1003
927
893
900
863
883
768
782
691
651
620
635
602
570
539
474
448
381
321
319
278
309
269
245
230
201
199
178
183
187
170
170
139
115
115
123
98
104
