EarnestM
88
92
104
87
109
120
105
99
138
101
122
114
149
132
131
143
144
148
161
146
223
131
159
140
189
172
183
225
230
255
255
283
486
521
638
824
780
923
1083
1064
1092
1128
1088
1063
1144
1102
1150
1062
1042
997
991
912
875
856
922
881
815
833
827
809
795
812
837
938
895
808
850
980
900
888
890
803
814
785
770
698
722
631
632
562
592
524
498
466
417
442
423
381
390
379
383
363
333
306
281
285
281
265
220
245
251
235
256
210
174
178
195
170
157
169
145
126
135
92
116
92
84
88
97
77
68
68
63
50
56
49
59
50
51
44
37
53
50
31
37
