EddieM
129
109
169
125
179
141
197
129
193
155
197
179
218
220
203
228
262
263
256
258
425
296
353
314
315
346
377
394
413
462
595
523
718
878
1009
1124
1311
1265
1424
1660
1682
1511
1588
1601
1594
1732
1676
1858
1805
1878
1971
1956
2112
2015
2166
2279
2348
2349
2614
2509
2578
2848
3020
3276
3314
3223
3746
4454
4236
4099
3762
3742
3640
3414
3767
3778
3993
4110
4129
4231
4199
4080
3685
3353
3317
2870
2533
2279
2171
2094
2153
2020
1745
1583
1457
1390
1400
1380
1382
1364
1390
1315
1294
1169
1165
1150
1085
1094
1127
1210
1248
1178
1091
1048
943
910
829
830
794
782
780
679
680
671
771
706
763
703
653
674
503
537
477
419
464
