EdgarM
283
312
308
292
290
303
309
266
321
322
338
277
303
310
313
323
306
278
285
249
374
271
307
259
299
315
301
321
360
347
441
486
945
1087
1361
1895
1874
1920
2086
1985
2029
2014
1925
1897
1876
1810
1677
1724
1598
1487
1526
1377
1307
1180
1150
1144
1066
1068
1030
1008
984
989
1051
1081
976
869
911
1056
975
913
938
938
891
899
911
931
853
775
752
750
716
693
696
652
723
601
584
589
596
639
665
674
633
596
652
717
665
709
686
804
886
934
833
896
833
880
1020
1600
1617
2103
2204
2263
2203
2262
2393
2320
2357
2114
2045
2036
2071
2375
2195
2319
2385
2452
2390
2419
2062
1907
1643
1465
1316
1208
1177
