EdithF
768
778
876
881
1104
1071
1184
1243
1453
1523
1493
1509
1625
1733
1820
1940
1932
1823
1981
1793
2068
1863
1853
1901
1944
2137
2160
2177
2410
2371
2592
2825
3841
4366
5209
6760
7306
7533
7859
7767
7773
7588
7134
6835
6893
6273
5788
5402
4846
4455
4272
3771
3571
3109
3011
2830
2759
2649
2599
2473
2509
2462
2458
2382
2174
1841
1976
2199
2082
2063
1953
1851
1639
1528
1424
1520
1477
1413
1317
1357
1283
1161
1019
999
966
890
798
672
604
604
600
526
476
424
400
395
418
339
331
338
338
322
296
287
294
307
339
314
335
359
423
444
426
412
507
576
408
428
411
425
461
426
459
389
403
445
445
400
357
330
326
351
364
386
457
