EdmundM
67
61
71
63
72
68
80
61
76
89
54
61
93
80
96
90
110
96
101
87
94
95
104
102
109
108
122
129
141
147
200
235
452
599
792
961
1032
1045
1099
1008
1103
1104
1014
1145
1115
1042
1012
930
910
831
806
709
690
567
602
565
554
523
513
467
498
576
602
666
555
478
636
634
575
586
554
624
662
618
609
600
592
661
569
531
511
523
468
472
484
432
394
370
348
333
298
285
245
223
225
209
198
272
271
320
270
251
225
180
176
174
194
190
162
158
154
147
145
132
143
116
128
147
119
127
122
115
113
117
118
103
97
99
118
125
95
111
137
151
175
