EdnaF
588
637
783
823
957
1077
1314
1339
1687
1815
1973
1963
2218
2378
2458
2560
2604
2567
2813
2534
3102
2488
2754
2667
2762
2953
3011
3301
3365
3429
3664
3957
5136
5558
6289
8143
8625
8422
8698
8405
8331
8303
7622
7298
7408
6786
6389
6083
5475
4931
4762
4462
4279
3728
3807
3419
3304
3221
3083
2903
2834
2835
2762
2753
2395
2152
2280
2417
2097
2174
1854
1800
1747
1614
1680
1525
1547
1242
1227
1179
1107
1038
982
852
789
711
679
583
499
455
446
444
403
340
315
311
277
311
271
288
283
270
216
229
208
201
175
192
150
235
205
211
182
171
146
131
135
127
122
111
115
131
117
120
124
119
102
133
109
103
92
97
90
94
89
