EdwardM
2364
2177
2477
2250
2439
2220
2312
2125
2470
2299
2282
1989
2416
2309
2179
2203
2296
2121
2337
1901
2720
1917
2294
2268
2334
2366
2398
2576
2707
2935
3408
4164
7936
9474
12318
15889
17005
17502
19490
18536
20097
20818
20419
20597
21128
20093
19379
19113
18480
17229
17345
15642
15184
13787
13922
13836
14193
14924
14547
14428
14400
15579
17465
17712
16472
15869
18573
20549
18978
19172
18727
19890
19521
18970
19510
19258
19417
18705
17372
16909
16585
15877
15525
15322
15601
14418
13276
12662
12290
12466
12299
11063
9304
8375
7825
7391
7054
6848
6481
6879
6762
6658
6291
5997
5913
5868
5776
5901
5796
5849
5741
5570
5229
4787
4523
4141
4072
3913
3573
3591
3480
3372
3239
3107
3146
2970
2867
2821
2786
2979
2901
2660
2589
2698
2578
