EdwinM
309
274
305
299
308
289
313
310
298
306
323
327
338
354
366
346
351
380
392
329
350
299
393
347
388
357
390
468
477
492
536
699
1518
1825
2386
3151
3299
3346
3487
3450
3733
3750
3829
3651
3790
3558
3492
3389
3172
2892
2974
2701
2568
2328
2345
2260
2270
2263
2247
2063
2115
2214
2295
2388
2237
1950
2377
2588
2435
2371
2489
2566
2632
2640
2547
2659
2775
2708
2598
2573
2476
2441
2402
2239
2173
1905
1873
1663
1688
1777
1726
1526
1395
1317
1168
1241
1188
1289
1231
1283
1297
1333
1339
1195
1349
1329
1345
1404
1552
1761
1815
1964
1809
1823
1801
1686
1586
1605
1700
1676
1800
1982
2145
2167
2352
2303
2671
2393
2259
1974
1699
1520
1303
1233
1181
