EileenF
6
5
0
6
15
15
14
20
15
13
35
32
36
44
46
59
81
77
85
87
91
101
120
124
161
168
199
216
258
336
470
614
920
1493
1858
2147
2264
2346
2717
2862
2938
2980
3069
2962
2929
2928
2644
2558
2378
2226
2120
2004
2226
2199
2320
2344
2283
2158
2034
2192
3106
4092
3649
3635
4170
4250
3838
3723
3885
3814
3739
3627
3679
3505
3447
3709
3527
3626
3496
3490
3056
2939
2585
2418
2039
1791
1580
1474
1282
1038
920
866
758
662
563
633
630
569
613
585
584
688
614
560
535
470
514
524
529
422
403
401
368
373
373
377
449
414
401
406
380
388
358
380
355
395
386
346
320
369
324
359
391
