ElaineF
5
0
0
5
5
0
5
6
7
8
12
16
22
24
20
21
38
30
29
27
50
43
48
53
57
79
82
103
129
139
195
199
313
411
568
1212
1235
1281
1473
1688
2433
2921
2793
3211
3803
3777
4003
4106
4004
3855
3952
3622
3578
3571
3899
4079
4258
4526
4835
4785
4782
5377
5983
5966
5628
5888
6801
7062
6399
6216
6038
6064
5654
5491
5825
5638
5309
5010
4742
4452
4314
3867
3613
3126
2823
2500
2059
1774
1707
1684
1439
1284
1065
992
951
859
781
864
757
784
771
784
779
797
617
657
663
668
706
673
631
610
603
559
567
540
531
451
480
461
452
408
399
426
413
469
392
406
398
371
342
399
400
356
437
