EleanorF
129
110
174
185
198
222
271
247
288
312
351
376
390
397
450
544
493
559
620
575
753
686
837
840
868
1041
1088
1155
1302
1460
1797
2035
3120
3938
5374
7036
7406
7669
8176
7611
8498
8053
7853
7772
8191
7722
7305
6959
6536
5866
5822
5258
4835
5101
4717
4166
4340
4275
4049
3810
3582
3249
3165
2729
2190
1876
1933
1852
1664
1517
1371
1296
1252
1254
1114
1045
1046
957
866
865
826
750
761
668
645
604
473
445
408
360
366
325
300
266
227
233
256
228
269
276
255
270
265
264
244
270
262
289
308
357
378
394
395
444
390
437
486
537
718
688
771
826
961
1005
1063
1237
1220
1268
1342
1486
1850
2081
2375
3005
3722
