ElenaF
8
5
0
0
10
7
11
7
15
11
11
17
15
17
27
25
25
18
22
23
23
29
37
23
40
34
40
43
57
50
65
84
83
116
132
164
166
162
188
175
177
212
206
211
213
213
231
242
251
213
218
176
193
178
164
130
150
149
154
127
135
198
205
224
224
216
241
256
281
266
258
267
276
315
335
411
346
403
440
397
432
399
420
483
508
457
527
518
475
518
505
511
485
434
544
518
527
540
573
629
631
656
614
563
542
722
638
591
610
722
755
742
791
817
921
947
947
971
1137
1467
1365
1392
1357
1465
1583
1603
1872
1741
1623
1680
1882
1935
2270
2386
2608
