EliM
73
97
94
82
67
56
66
51
75
60
49
49
60
53
60
55
43
39
46
38
45
45
51
47
43
43
44
50
55
60
63
81
159
167
208
269
271
246
287
241
252
291
275
260
247
291
266
224
215
198
192
172
186
157
176
175
160
144
119
110
140
130
130
118
123
125
116
143
137
125
139
142
140
125
134
120
152
129
118
146
148
148
139
138
122
117
115
126
139
128
233
268
265
338
372
341
381
474
443
497
536
549
504
520
506
556
563
548
542
624
667
711
707
876
887
854
875
853
997
1050
1459
1623
1924
1974
2518
2682
2981
3235
4511
4908
6554
7200
8051
7921
7469
