EliasM
65
41
57
44
48
60
41
34
24
36
36
24
38
35
36
29
28
24
32
20
23
17
21
20
26
29
18
32
40
28
34
45
97
117
111
114
162
154
142
168
168
150
162
162
180
193
207
185
181
178
172
149
145
141
128
130
116
112
124
138
103
138
111
108
118
131
101
140
133
145
163
157
164
160
163
148
144
142
153
154
170
191
175
186
182
170
169
161
165
201
227
223
253
232
312
306
311
366
356
374
385
395
406
390
349
428
421
513
547
643
665
707
697
770
812
889
918
1034
1140
1219
1403
1518
1574
1711
1759
2116
2160
2360
2522
2482
2824
2985
3219
3490
3766
