ElijahM
100
69
111
92
85
82
93
75
88
61
64
57
85
77
54
75
87
65
76
64
86
79
66
58
60
81
65
76
64
90
101
94
142
149
187
243
232
256
264
295
277
257
311
302
261
283
276
290
255
244
225
197
234
194
209
211
220
211
195
237
201
238
245
220
228
236
222
296
243
268
282
222
263
248
254
235
195
222
206
185
181
193
178
152
160
123
140
135
122
144
184
195
210
213
287
263
301
503
547
697
754
750
738
670
628
681
718
747
884
991
1136
1346
1518
1880
2620
3978
4814
5085
5661
6594
7464
8334
10050
10658
11701
11604
12038
12398
13217
12808
13875
13942
13833
13743
13763
