EliseF
24
22
29
26
28
25
32
32
33
42
33
44
40
51
43
50
46
50
60
48
76
47
51
53
59
54
55
67
70
63
62
77
143
144
157
186
198
210
209
234
208
216
202
200
199
154
159
157
148
165
137
147
129
121
96
139
116
119
107
118
116
123
106
125
134
113
132
185
166
169
187
292
304
353
404
407
395
356
391
424
373
403
368
374
426
375
363
337
342
328
333
309
257
292
220
230
246
255
284
295
331
388
437
555
758
932
1044
1143
1095
1064
1072
970
939
977
802
788
935
1045
1026
1157
1278
1336
1335
1419
1510
1494
1566
1557
1549
1521
1585
1934
2121
2015
1965
