ElisabethF
24
25
29
26
32
32
43
33
33
45
23
27
55
48
58
43
50
57
66
52
54
51
50
60
53
88
82
90
89
93
102
96
131
180
217
261
278
331
292
273
259
245
222
189
200
184
182
177
156
153
146
156
114
123
122
108
120
137
130
128
114
138
149
146
150
148
146
208
175
180
187
184
198
218
258
230
313
315
331
326
377
368
401
465
437
458
444
465
434
411
425
398
352
371
412
461
497
575
588
624
751
733
801
705
790
770
704
721
714
812
766
734
760
786
728
701
739
865
740
693
735
1091
824
708
700
682
613
627
583
554
496
475
464
459
482
