ElizabethF
1939
1852
2186
2255
2549
2582
2680
2681
3224
3058
3112
3059
3461
3360
3425
3603
3471
3442
3659
3287
4096
3216
3694
3723
3833
4121
4321
4624
4904
5176
5800
6298
8528
9505
11367
14103
14939
15131
15851
15288
15910
15800
15243
15461
14950
13932
12834
12527
11765
11250
10993
10295
9994
9015
9342
9075
8860
9386
9801
9705
9954
10269
11180
11650
11034
10335
11751
13442
13208
13711
14339
15112
16022
16092
16580
16689
16344
17496
18529
18438
18858
18851
17800
17591
17285
16319
15887
16114
14892
15300
15121
13605
12188
12358
12261
12475
13552
16425
16808
18076
19530
20171
20509
19838
20362
20538
19067
18602
20028
20293
20742
20390
19029
17555
16778
16185
15990
15415
15179
15332
15089
14783
14593
14096
13555
12722
12417
13037
11990
11023
10248
10071
9685
9431
9537
