ElizaF
252
238
280
274
280
300
287
290
343
307
297
280
285
272
297
273
260
244
259
256
335
207
249
247
204
222
209
232
243
249
273
258
297
315
311
356
328
377
386
388
392
352
361
333
359
335
311
286
239
259
246
205
238
196
177
158
146
133
166
152
148
147
150
138
134
160
133
118
119
144
121
129
102
98
87
121
107
114
90
88
99
91
92
97
86
95
111
101
111
123
157
115
147
155
140
147
199
222
205
243
272
279
298
280
244
242
230
293
329
303
424
384
339
402
379
506
539
570
572
631
759
805
830
942
991
1044
1014
1007
1028
1182
1308
1256
1411
1618
1595
