EllaF
1156
1148
1206
1251
1374
1395
1464
1521
1774
1647
1758
1685
1808
1760
1761
1692
1683
1708
1715
1502
1911
1435
1525
1419
1432
1438
1343
1451
1428
1382
1587
1604
1921
2071
2308
2954
2965
3054
3290
3157
3231
3237
3150
2994
3061
3007
2852
2843
2670
2472
2404
2161
2256
2027
2072
1900
1838
1747
1728
1829
1670
1697
1660
1663
1571
1472
1499
1636
1552
1554
1377
1358
1247
1162
1099
1125
989
967
840
867
748
713
630
597
565
478
429
384
313
320
324
257
206
225
212
184
182
163
174
172
174
179
178
156
138
146
127
128
182
164
234
216
228
265
311
305
382
497
651
768
1219
1718
3559
5900
8236
9062
9204
9540
9347
9644
9869
9580
9185
8428
8525
