EllenF
411
413
452
500
597
555
551
579
691
653
659
675
760
798
759
746
811
733
786
708
922
711
753
773
774
845
898
855
848
961
1038
1162
1449
1579
2039
2581
2838
2855
3030
2929
3076
3065
2954
2671
2949
2793
2768
2868
2680
2565
2521
2449
2369
2200
2456
2435
2398
2498
2804
3007
3318
3663
4194
4153
3998
4188
5236
5855
5292
5503
5568
5940
5841
5536
5455
5473
5435
5580
5157
5390
5139
4843
4112
3941
3530
3253
2805
2522
2103
1895
1758
1394
1175
1074
1088
1021
944
1020
1012
943
989
958
1007
953
929
853
969
1079
1187
1316
1377
1428
1336
1305
1318
1312
1153
811
621
674
631
608
589
667
592
516
544
512
457
414
427
400
374
402
433
