EllisM
58
58
86
73
73
78
85
66
71
80
71
66
89
79
83
100
106
98
96
98
120
74
112
110
106
103
101
120
123
131
147
167
282
391
426
618
570
574
624
634
646
682
624
657
629
611
606
581
543
546
520
457
435
425
430
438
428
451
477
416
433
443
490
497
449
417
500
510
450
429
462
404
423
452
381
367
421
388
356
317
359
327
276
269
284
230
227
216
203
205
186
204
153
182
172
138
175
154
136
167
172
156
122
140
135
148
160
162
146
172
181
189
186
167
160
166
187
196
183
180
209
167
177
210
212
246
267
262
275
327
314
312
403
500
678
