ElliottM
21
22
21
26
22
13
22
13
26
11
24
21
29
17
21
31
25
23
32
18
33
17
29
28
27
32
25
22
46
46
44
56
85
111
129
172
158
152
151
171
180
233
205
185
194
189
209
206
169
177
177
148
148
196
200
191
154
154
175
196
198
193
252
235
215
311
271
351
343
293
252
259
238
249
259
221
250
218
203
234
275
311
260
256
220
255
230
197
214
232
236
264
199
234
218
214
228
270
233
296
333
293
469
582
528
459
452
444
529
668
672
571
577
584
477
433
417
404
430
382
405
391
417
477
566
658
773
793
795
895
1014
1066
1262
1475
1583
