ElmerM
373
388
441
423
523
443
485
467
527
557
528
508
592
574
575
610
576
587
583
514
699
520
574
556
620
602
598
616
689
687
760
894
1840
2323
2878
3802
3936
3812
4373
3981
4206
4147
3738
3630
3731
3359
3231
3205
2977
2697
2477
2266
2057
1785
1708
1592
1412
1414
1326
1328
1218
1201
1228
1311
1068
971
1043
997
969
868
806
841
759
688
670
715
653
658
550
529
515
479
431
410
390
376
322
304
308
301
286
271
245
209
222
187
184
176
166
191
162
157
150
149
163
139
149
160
168
167
215
210
235
205
184
212
222
222
211
170
186
228
224
299
206
223
216
241
179
223
193
178
141
156
167
