EloiseF
11
14
12
18
19
30
38
31
34
35
46
46
56
52
56
57
77
68
91
92
107
88
124
134
120
151
176
196
201
243
273
324
474
529
662
798
953
964
1063
1029
1239
1380
1223
1191
1212
1212
1209
1162
1080
1014
1023
926
868
817
720
729
611
636
608
532
512
582
746
714
598
548
607
579
514
483
524
488
432
439
352
331
349
309
231
218
187
176
184
164
126
138
103
85
84
59
68
63
49
55
30
38
37
22
27
38
29
46
40
34
24
29
22
30
28
28
28
24
27
25
44
39
29
36
53
54
59
78
88
103
148
165
179
191
264
296
552
679
860
953
1078
