ElsaF
20
25
29
35
51
66
59
61
87
104
106
102
142
104
137
160
129
128
111
90
102
94
91
87
75
75
84
86
93
77
80
103
120
131
166
237
201
198
173
169
184
154
149
138
140
141
136
138
158
128
137
140
130
124
110
113
130
129
125
151
122
142
136
139
120
125
113
134
138
136
154
178
217
207
246
289
310
339
288
279
280
284
277
285
282
274
294
245
243
280
298
281
262
253
255
255
268
245
226
210
243
241
206
235
216
192
198
171
170
209
242
220
229
197
227
222
228
196
200
236
240
246
283
349
308
350
349
392
412
425
487
499
540
565
1138
