ElsieF
301
344
448
479
549
685
698
832
1112
1199
1220
1303
1489
1586
1716
1795
1878
1763
1919
1706
2045
1747
1720
1720
1719
1811
1771
1872
1983
2064
2141
2224
2895
3209
3683
4967
5028
4938
5194
4995
4992
4879
4618
4549
4498
4146
3909
3804
3467
3233
2971
2808
2554
2376
2271
2074
1874
1937
1775
1703
1466
1416
1399
1244
1095
977
1041
953
904
727
687
634
575
591
550
527
477
499
414
402
348
346
309
300
249
252
228
199
166
165
159
141
130
135
143
143
114
108
97
129
121
112
100
103
107
130
116
122
131
129
143
134
152
143
149
168
128
136
148
146
146
148
173
181
209
269
306
315
403
425
457
617
786
857
1002
