ElvaF
44
51
75
72
81
108
110
99
128
135
160
158
181
156
176
218
198
198
261
194
301
283
253
255
234
261
235
297
279
279
342
354
430
496
563
753
783
760
789
782
767
720
686
655
631
632
572
551
560
540
511
415
412
420
359
369
333
318
324
333
301
285
268
298
258
239
253
290
257
249
226
272
218
229
266
247
216
208
204
196
189
177
173
149
150
152
133
136
128
121
107
110
103
120
87
108
95
87
85
86
74
95
92
72
65
65
75
68
78
70
82
62
71
86
70
50
66
51
60
53
59
50
51
43
45
38
56
45
38
39
54
34
45
40
43
