ElvinM
10
20
15
15
14
12
15
9
15
21
10
14
24
20
18
25
21
18
19
21
24
25
29
22
29
27
33
40
42
55
54
78
128
129
192
301
265
291
317
315
331
346
346
304
323
348
353
391
323
299
341
301
255
247
266
241
229
230
208
231
200
197
219
219
202
176
202
216
188
174
182
172
178
183
179
171
188
181
204
192
176
191
145
161
155
122
123
126
106
140
131
125
121
96
98
115
123
119
133
136
113
111
106
103
106
121
101
96
122
115
122
111
132
121
104
110
87
110
109
149
131
136
141
161
175
182
169
214
184
154
137
143
144
135
132
