ElviraF
30
38
31
26
39
53
59
51
59
60
64
53
81
74
84
94
114
103
113
104
135
105
137
110
116
138
123
154
179
196
213
230
305
327
405
465
567
589
575
553
592
568
574
553
579
527
532
523
482
514
480
379
409
307
311
294
282
237
274
238
239
231
229
244
222
221
242
252
253
237
230
203
240
238
251
233
217
195
213
192
189
202
185
188
163
171
164
148
150
163
151
149
119
135
159
139
145
118
141
134
126
162
139
120
115
112
102
90
105
100
159
123
106
98
90
85
87
93
100
79
96
78
89
66
65
79
67
72
50
61
41
33
52
57
55
