EmanuelM
57
48
45
34
44
32
46
42
30
41
32
29
61
39
49
64
52
37
48
42
45
37
49
51
62
69
62
56
64
69
99
124
207
224
252
345
306
362
384
322
381
353
344
329
345
313
303
307
284
251
255
198
223
184
175
211
202
198
177
192
186
175
185
192
172
189
179
196
225
231
222
248
210
213
221
247
251
265
253
256
205
221
235
235
208
206
214
204
220
203
235
222
218
204
208
244
235
255
275
288
342
433
366
413
554
531
528
555
552
590
628
591
652
644
622
628
694
656
720
822
858
872
1014
1046
1147
1227
1310
1382
1345
1288
1191
1318
1093
1028
1019
