EmilyF
210
244
272
342
364
346
369
335
457
429
509
444
518
506
551
605
527
619
628
569
626
537
606
558
599
683
619
714
732
749
785
909
1147
1387
1650
2091
2213
2220
2361
2307
2168
2183
2146
2056
2044
1765
1729
1657
1555
1445
1345
1188
1146
1062
1068
1094
1123
1293
1308
1292
1269
1368
1419
1335
1251
1134
1379
1467
1392
1394
1317
1286
1393
1324
1340
1306
1281
1206
1174
1212
1223
1149
1078
1108
1130
1288
1250
1206
1327
1576
1932
1869
2334
3029
4331
5485
5549
6880
7481
7976
9008
10801
12518
12377
12781
13134
13233
14712
15866
17322
19361
20308
21831
23593
24148
24378
25150
25731
26179
26537
25953
25052
24459
25685
25028
23930
21393
19350
17422
15340
14262
14241
13631
13107
12622
