EmilM
119
145
157
139
175
138
127
146
142
146
165
133
157
159
128
136
143
131
158
128
127
122
136
128
101
122
139
150
141
153
194
214
407
551
684
918
970
1004
912
847
835
819
824
797
790
724
681
622
580
497
509
448
391
370
335
320
273
275
322
274
263
297
259
262
222
223
246
258
251
217
206
215
206
184
179
178
174
188
170
162
160
148
145
126
132
146
99
102
97
109
124
100
92
102
92
98
89
82
89
94
89
77
82
98
84
79
62
89
72
76
82
91
104
71
94
90
73
63
69
99
89
108
97
86
79
92
101
112
134
147
106
106
114
115
119
