EmmaF
2003
2034
2303
2367
2587
2728
2764
2647
3087
2884
2980
2884
3128
2968
2937
2952
2872
2698
2788
2445
3095
2374
2514
2308
2312
2298
2224
2356
2357
2338
2607
2616
3357
3474
3972
5044
5217
5121
5323
5088
5237
5073
5013
4974
4899
4711
4479
4326
4021
3802
3555
3306
3329
3150
2940
2803
2833
2747
2667
2686
2606
2545
2605
2421
2247
2052
2072
2141
2097
2000
1898
1727
1711
1589
1528
1457
1346
1215
1086
1058
981
886
796
725
770
639
620
565
493
516
527
473
455
419
495
478
418
478
442
486
533
533
561
552
674
941
1256
1588
1787
1934
2415
2591
3207
4101
4763
5041
6134
7732
10434
11721
12542
13305
16531
22701
21602
20335
19107
18365
18803
17883
17327
18781
20914
20905
20886
