EmmettM
74
65
99
87
83
101
94
90
100
108
104
89
117
103
126
138
113
118
131
97
119
110
98
97
120
128
94
148
126
147
159
141
290
340
406
592
500
542
591
629
614
608
579
564
584
578
539
486
457
423
439
402
354
361
340
358
314
320
322
349
338
327
347
332
359
303
359
419
363
284
311
320
320
287
283
297
319
296
263
288
213
237
236
198
204
194
182
190
189
189
173
151
148
132
127
124
132
123
112
114
107
103
110
120
101
84
102
102
110
131
117
131
169
166
165
173
161
198
172
188
231
255
255
286
341
380
439
448
479
955
1276
1606
2023
2356
2632
