EnriqueM
5
0
5
6
0
7
0
0
5
0
0
0
7
0
0
10
10
0
7
0
9
9
7
7
7
13
20
11
11
18
21
18
27
31
48
68
47
74
72
87
94
99
124
114
148
152
158
162
194
187
177
152
145
122
107
106
121
136
126
112
123
123
144
160
154
163
201
217
223
225
231
239
270
274
281
275
276
309
312
360
365
374
375
412
430
371
425
455
455
538
585
540
597
611
624
645
646
579
630
711
792
736
753
775
714
702
772
729
754
888
1021
1065
1056
1067
1068
1067
1326
1349
1323
1436
1535
1438
1299
1355
1295
1258
1234
1241
1219
1049
878
844
820
763
745
