EricM
10
9
9
11
12
16
10
11
13
21
13
18
19
13
20
20
25
30
30
17
21
25
26
34
15
23
33
22
30
33
41
35
93
109
145
155
155
186
202
190
186
179
201
175
228
212
214
209
221
204
206
213
199
234
259
288
296
301
370
431
482
703
867
1171
1195
1351
1823
2344
2489
2769
3097
3660
3986
3934
4172
4659
5249
6619
8189
9724
10531
11109
12353
13281
14564
16835
16478
17828
18512
20771
23591
22979
22043
20814
20189
19820
21377
20747
19776
20272
22623
20725
19870
20341
20946
20836
19525
20199
20158
18976
19412
18046
16135
14543
13309
12478
11607
10318
9962
9379
9154
8559
7926
7784
7132
6693
6227
5951
5372
4636
4192
3739
3623
3252
3304
