ErmaF
30
28
31
38
53
55
64
62
83
96
135
139
160
155
211
203
192
213
240
247
275
236
288
302
345
330
444
439
477
487
577
595
774
865
993
1375
1378
1437
1462
1498
1529
1525
1411
1390
1424
1490
1485
1379
1382
1246
1206
1151
1167
984
1008
929
841
834
786
791
740
726
754
718
640
600
603
608
615
547
544
490
457
418
412
356
307
359
303
269
242
242
216
184
220
151
146
94
116
107
83
79
86
66
60
68
56
49
48
44
53
43
42
38
37
37
40
38
30
30
27
30
24
32
24
19
21
21
18
10
22
16
22
20
25
18
25
25
26
11
13
13
19
17
20
