ErnestM
615
571
642
641
690
718
668
653
766
736
774
715
805
796
821
834
764
785
839
744
1012
691
790
764
749
845
943
978
1000
885
1167
1338
2569
2940
3631
4788
4823
5055
5526
5296
5568
5696
5502
5372
5685
5492
5441
5204
4945
4748
4783
4296
4163
3672
3850
3694
3714
3757
3707
3687
3696
3723
4077
4171
4043
4005
4395
4783
4511
4347
4309
4381
4114
4095
4194
3975
3949
3783
3515
3334
3188
3094
2851
2908
2818
2575
2508
2347
2244
2361
2306
2101
1770
1676
1642
1514
1489
1486
1380
1401
1369
1305
1240
1191
1147
1072
1007
947
1002
955
920
851
721
644
591
490
517
480
450
387
439
356
352
359
367
333
296
289
276
251
218
251
223
216
247
