ErvinM
30
32
44
46
51
35
32
35
54
52
43
35
52
42
56
51
55
55
68
53
88
63
76
58
81
112
101
116
97
103
131
144
294
347
494
582
692
718
806
803
843
859
791
788
729
737
767
763
672
644
624
569
551
465
536
498
483
422
487
431
418
450
491
484
419
417
422
490
480
453
424
463
430
456
449
421
431
419
377
415
335
328
324
308
255
297
247
231
219
215
206
219
222
175
180
156
145
150
158
165
173
178
165
154
157
133
141
161
195
158
159
164
207
169
137
142
146
138
110
112
122
128
133
161
111
129
138
139
134
127
107
112
106
123
109
