EstelleF
119
127
133
151
182
183
216
170
274
286
277
254
295
335
326
381
392
439
410
376
555
381
472
402
464
509
520
609
675
669
749
864
1053
1129
1432
1784
1772
1704
1702
1618
1460
1436
1331
1191
1266
1240
1113
1238
1095
908
872
765
747
521
581
528
477
398
454
361
385
355
363
370
307
277
295
324
303
246
241
243
221
230
197
184
158
160
142
152
153
155
106
123
112
106
95
75
72
81
66
74
69
76
56
55
41
52
45
56
53
59
47
41
40
28
44
47
46
50
35
43
29
44
36
41
27
31
48
58
63
73
69
70
103
118
96
106
109
159
157
199
265
256
300
