EstellaF
162
163
198
233
222
246
246
260
303
288
320
267
332
329
335
304
363
317
319
288
365
281
283
305
344
275
271
309
317
318
377
364
394
465
514
599
594
616
597
572
616
637
617
564
583
606
577
546
535
516
461
450
445
407
371
366
356
348
333
370
357
333
357
368
334
352
371
432
399
428
396
341
385
378
364
310
355
284
290
276
284
278
222
226
215
189
189
174
169
136
149
131
101
142
124
113
103
120
101
115
100
106
90
84
74
75
68
71
69
62
57
71
73
65
57
50
67
48
66
63
67
69
98
113
204
196
178
201
206
223
250
234
298
288
279
