EstherF
198
189
266
260
291
320
396
431
572
553
619
710
824
1382
1654
1803
1964
1911
2047
1823
2017
1844
1833
1883
1957
1993
2065
2062
2187
2185
2378
2676
3569
4090
4654
6321
6421
6281
6574
6248
6068
5926
5474
5316
5258
4724
4455
4326
4095
3586
3350
3032
2959
2676
2578
2543
2253
2156
2132
2109
1901
1810
1830
1756
1613
1466
1779
1840
1851
1791
1742
1808
1710
1613
1628
1570
1509
1478
1340
1358
1363
1313
1252
1123
1025
965
867
758
730
706
726
783
689
746
725
714
658
765
713
761
841
908
935
860
884
856
859
849
911
904
981
933
944
903
958
919
884
921
928
981
967
1052
1043
1081
1097
1187
1148
1247
1273
1244
1253
1347
1334
1430
1652
