EthelF
633
788
989
1132
1386
1495
1699
1907
2374
2463
2718
2689
3035
3119
3287
3391
3502
3182
3531
2999
3896
3067
3295
3257
3296
3401
3511
3698
3786
3661
4146
4141
5073
5369
6204
7379
7601
7864
8076
7810
7869
7604
7244
6540
6584
6175
5859
5486
4923
4517
4099
3762
3607
3218
3178
3004
2731
2764
2726
2494
2374
2269
2204
2216
2053
1818
1936
2083
1872
1753
1603
1492
1399
1283
1174
1102
1076
880
856
681
730
632
582
523
517
440
364
341
283
276
226
218
180
181
130
149
113
106
106
87
75
63
82
70
48
54
46
29
30
51
46
36
33
28
22
25
29
14
18
23
14
19
29
24
23
20
13
17
13
15
14
14
15
14
21
