EttaF
323
316
352
352
423
372
433
437
500
465
452
452
492
486
519
445
484
467
479
394
508
381
400
416
343
397
384
407
400
367
430
434
510
542
581
766
742
750
755
742
803
740
719
743
725
732
655
647
583
614
551
518
505
513
498
458
449
441
461
407
425
413
448
420
369
345
359
342
343
333
289
251
250
246
239
266
257
229
245
208
214
207
200
181
157
127
113
91
100
73
66
67
59
34
48
41
36
37
34
36
23
39
28
23
20
18
23
19
25
19
21
19
19
21
17
15
19
14
15
12
15
7
29
25
28
25
46
39
57
71
81
86
131
204
208
