EugeneM
328
314
341
325
321
345
362
327
398
369
408
362
414
392
421
430
507
447
473
449
587
445
524
478
541
593
637
691
689
724
888
1058
2114
2525
3211
4321
4646
4873
5632
5892
6866
7717
7851
7950
8347
8512
9014
9748
9702
9045
9029
8147
8044
7349
7146
6846
6375
5997
6112
5875
5798
5754
6091
5899
5503
5163
5671
6178
5604
5597
5488
5573
5313
5151
5020
4793
4610
4406
4016
3889
3757
3452
3303
3220
3078
2718
2620
2452
2364
2351
2266
2065
1808
1721
1603
1519
1514
1395
1328
1332
1286
1174
1226
1101
1064
994
1020
896
912
885
810
776
714
642
636
529
496
512
487
483
453
421
405
383
382
339
352
351
341
312
287
262
314
289
291
