EugeniaF
40
40
73
48
42
68
71
63
70
78
83
83
91
82
85
83
99
96
91
109
112
87
89
100
113
116
111
110
131
137
168
219
266
310
367
506
536
494
561
606
584
606
507
571
551
463
497
462
407
399
341
331
342
291
264
271
254
268
236
246
250
268
325
308
310
291
279
365
298
309
350
360
303
329
351
357
328
350
321
314
348
329
364
361
373
360
298
320
267
291
337
327
256
211
238
229
183
186
203
185
183
173
169
168
150
132
139
109
82
124
128
102
92
66
76
69
66
57
55
52
67
55
31
42
47
35
37
46
42
40
41
30
34
40
51
