EuniceF
67
77
75
106
112
136
142
136
180
185
214
237
294
310
295
334
351
387
437
385
503
424
490
469
502
525
554
608
676
625
742
830
1066
1214
1478
1860
1963
2036
2224
2061
2238
2240
2179
2114
2147
2097
1942
1947
1721
1546
1438
1344
1376
1189
1231
1129
1062
1042
941
848
869
771
799
785
716
627
632
705
602
555
543
525
505
456
423
430
406
437
384
384
326
332
304
303
304
245
231
200
198
198
191
184
174
178
159
169
169
147
152
142
176
145
166
147
138
159
176
181
214
179
206
196
217
202
202
212
180
179
193
202
189
182
182
176
212
137
178
166
157
135
169
141
135
147
146
