EvaF
614
661
765
879
929
971
1155
1125
1329
1372
1436
1412
1611
1668
1673
1767
1779
1709
1823
1582
2089
1617
1727
1783
1858
1815
1758
1884
1930
1896
2123
2109
2636
2891
3401
4079
4337
4286
4563
4484
4498
4327
4192
3973
4066
3858
3493
3406
3211
3020
3019
2591
2522
2282
2388
2166
2002
2061
1904
1858
1889
1860
1877
1802
1660
1595
1650
1787
1774
1669
1622
1573
1702
1593
1713
1783
1926
1802
1759
1630
1687
1527
1500
1458
1426
1335
1292
1209
1050
1089
1024
970
888
865
840
766
773
817
855
801
837
855
845
820
743
754
730
694
754
780
778
820
762
734
769
751
794
765
845
975
1088
1158
1333
1515
1727
2473
2788
2893
2964
3391
3276
3465
3356
3423
3667
