EvanM
22
24
12
18
22
23
11
21
22
17
22
18
20
17
25
13
14
17
24
17
24
24
20
22
12
20
26
20
25
25
31
29
77
92
99
149
182
161
178
132
159
157
182
147
170
157
127
164
130
119
125
112
116
108
136
106
97
120
128
126
126
128
154
148
136
138
166
211
165
175
208
225
288
277
287
323
357
301
330
398
451
486
496
458
606
558
550
493
450
546
596
550
560
573
631
625
780
1007
1160
1405
1627
1971
2670
3046
2937
3220
3885
3867
4332
4922
5307
5449
6047
6088
5891
6088
5579
6002
6083
6849
7330
7258
7385
9441
9977
10103
10127
10287
9920
10274
9722
8649
7890
7103
6694
