EvelynF
122
116
125
139
170
191
203
194
237
320
316
362
418
457
491
630
646
690
836
802
1116
966
1151
1211
1371
1661
2077
3035
2857
3157
3776
4075
5620
6681
8506
11594
11890
12532
13493
13321
13838
14279
13318
13172
13356
12504
11780
11497
10536
9882
9535
8490
7958
6944
6978
6559
6107
5762
5689
5327
4983
4930
4939
4912
4514
4377
4889
5245
4845
4526
4273
4227
4153
4064
3955
3812
3739
3637
3275
3263
3222
2937
2782
2565
2378
2004
1869
1724
1644
1454
1466
1298
1062
1016
941
865
821
834
821
850
861
1029
1375
1139
1049
1132
1079
1012
1124
1170
1301
1267
1413
1346
1452
1506
1595
1571
1707
1963
2222
2692
3370
3700
3763
4485
4748
5050
5094
5580
5838
6704
6870
7653
8734
