EverettM
110
111
139
143
134
128
150
140
156
163
163
174
176
160
226
207
224
179
212
181
237
218
238
204
229
270
291
302
294
314
382
384
806
948
1336
1731
1764
1734
1891
1772
1827
1913
1798
1746
1697
1616
1568
1570
1429
1309
1325
1229
1203
1125
1070
1071
973
973
1000
977
926
989
1058
1001
963
828
937
893
881
834
750
769
752
745
755
713
694
726
673
692
631
691
654
705
695
654
558
542
497
467
454
445
425
382
345
351
319
311
301
317
336
342
328
296
297
293
282
302
322
321
332
297
299
302
285
258
281
297
333
336
340
330
354
387
440
455
600
804
803
997
1178
1341
1736
2142
2535
