FaithF
6
5
9
0
6
10
16
5
13
16
10
27
21
14
23
21
27
25
37
29
33
29
21
32
27
19
39
20
35
39
35
47
67
79
91
126
113
156
174
152
164
190
219
222
232
226
224
216
212
199
231
261
340
330
325
301
354
339
327
382
372
463
571
570
447
424
436
458
400
386
458
587
604
604
676
800
777
826
789
837
873
783
729
795
805
708
654
595
532
523
549
530
526
509
542
555
637
802
839
861
805
795
686
663
635
559
634
561
621
707
940
1074
1138
1133
1305
1747
2158
2576
3217
4231
4998
5408
5523
5592
5415
5243
4855
4296
3621
3758
3688
3719
3527
3392
3696
