FannieF
560
565
650
696
738
783
837
798
991
909
1005
916
1031
1003
1003
1012
1001
956
1085
886
1237
873
971
1016
964
1085
955
1089
1085
1071
1237
1100
1425
1488
1616
1927
1883
1961
2014
1981
1979
1891
1867
1776
1710
1655
1570
1448
1361
1198
1227
1091
1176
1025
957
871
815
849
803
736
751
724
766
693
643
585
603
594
568
544
534
453
411
433
384
342
320
295
248
252
231
206
171
200
161
136
126
121
95
99
99
110
95
77
78
87
82
91
64
79
71
64
60
56
66
54
57
58
66
74
56
59
53
68
51
56
33
49
46
44
43
45
40
34
50
41
38
48
50
48
37
41
36
46
41
