FayeF
8
12
20
14
23
30
36
42
56
55
59
70
97
107
121
118
132
148
153
125
194
161
183
190
214
189
239
268
311
261
312
388
459
561
663
790
865
931
932
926
935
989
924
984
920
1012
1219
1092
1078
1080
1101
1187
1222
1201
1420
1257
1216
1300
1322
1327
1391
1375
1305
1467
1353
1376
1422
1383
1345
1291
1270
1239
1221
1029
1097
1028
974
940
855
771
782
656
554
477
439
338
270
249
245
234
204
195
154
125
149
141
128
145
154
164
121
142
125
93
122
109
109
90
65
80
74
73
87
57
58
45
49
57
55
62
83
84
102
82
111
134
111
121
140
137
162
151
232
247
297
