FelixM
92
72
91
68
102
80
92
82
101
83
72
86
96
86
78
109
83
97
103
93
123
70
114
93
103
115
112
112
118
148
161
173
300
362
526
583
691
661
746
725
668
666
656
638
662
621
559
563
469
497
516
480
437
408
387
389
395
397
393
398
390
383
400
417
421
404
448
490
457
502
501
536
541
568
563
556
590
647
624
628
654
587
583
613
567
593
526
487
569
573
639
604
526
559
538
535
513
535
528
541
538
555
527
490
489
479
488
554
570
610
635
581
689
607
593
622
612
645
637
664
696
684
661
690
691
768
760
809
890
926
946
1030
1038
1179
1369
