FeliciaF
7
8
9
0
12
5
14
9
14
11
9
9
9
7
10
25
11
17
16
18
20
21
23
24
18
24
24
36
38
32
34
50
64
78
79
141
110
132
125
112
101
121
134
106
104
111
91
127
90
103
78
59
86
93
90
62
88
101
114
99
101
87
116
110
109
98
108
137
145
127
155
161
205
267
290
339
469
580
601
833
1398
1460
1610
1664
1830
2194
2136
2090
1935
2238
2540
2809
2359
2070
2042
2403
2097
2219
1938
1852
1722
1629
1426
1499
1483
2738
3080
2911
2701
2751
2702
2620
2092
1950
1631
1351
1082
800
749
664
562
475
451
379
280
247
235
197
170
138
128
156
150
113
87
