FernandoM
8
0
6
6
10
9
9
0
5
0
0
0
7
0
8
5
6
8
5
8
12
6
11
6
16
0
6
6
12
16
23
18
34
30
54
56
58
80
84
83
96
130
119
136
153
162
136
189
146
148
173
176
131
132
133
128
121
150
141
131
164
134
183
163
180
219
219
265
311
269
343
409
422
528
578
534
510
534
525
609
580
612
631
597
621
548
602
588
649
680
767
822
785
806
841
912
886
1135
1080
1131
1263
1241
1366
1281
1282
1288
1321
1202
1360
1581
1730
1897
1877
1798
1832
1872
1876
2315
2056
2175
2601
2600
2423
2551
2576
2439
2756
2686
2381
2124
1950
1704
1481
1427
1399
