FlorenceF
1063
1046
1322
1298
1570
1667
1860
1964
2444
2465
2744
2715
3154
3231
3233
3471
3323
3369
3790
3314
3920
3131
3509
3468
3572
3478
3691
3750
3883
3789
4282
4424
5739
6279
7886
10105
10412
10538
11317
10482
10732
10719
10036
9746
9469
8584
8181
7643
6971
6214
5861
5009
4540
4077
3734
3277
3084
2952
2804
2594
2465
2390
2536
2274
1977
1729
1907
1850
1697
1566
1446
1290
1242
1124
1031
1005
943
877
848
791
738
637
598
578
535
450
475
382
322
365
331
277
248
264
217
203
192
188
146
159
152
154
140
140
131
126
113
105
101
106
108
108
73
89
83
75
78
64
82
67
60
66
64
50
64
55
64
61
62
54
75
73
93
118
182
