FloraF
365
317
380
387
393
445
443
408
541
516
510
497
585
537
619
552
527
488
607
520
623
493
587
536
569
628
618
617
677
667
793
749
899
943
1152
1368
1459
1450
1504
1444
1566
1553
1522
1475
1448
1404
1366
1303
1200
1124
1142
965
890
903
908
840
748
790
774
766
687
702
694
641
630
530
551
578
585
578
547
506
463
471
413
457
408
415
359
370
340
299
271
294
252
206
181
161
138
136
136
139
126
110
111
102
115
102
106
89
116
93
86
81
83
82
76
64
71
74
83
73
72
63
59
60
58
93
78
79
99
113
87
79
96
117
90
110
112
104
114
121
128
144
170
