FloydM
206
178
231
217
263
259
275
232
302
313
341
336
420
351
445
427
396
451
434
356
555
423
471
472
446
523
458
521
529
570
687
734
1438
1740
2090
2824
2783
2820
3235
3121
3261
3254
3218
3145
3168
3524
3619
3546
3337
3080
3078
2703
2668
2539
2531
2505
2230
2386
2148
2092
2012
2109
2171
2227
2095
1982
2125
2211
2040
2023
1893
1934
1864
1873
1866
1715
1726
1827
1621
1538
1466
1438
1337
1296
1201
1053
943
869
830
797
753
737
609
605
591
520
448
491
477
448
445
432
394
356
330
304
328
326
275
293
251
247
195
224
184
150
134
144
141
117
139
120
108
102
112
98
93
106
106
105
79
87
80
89
86
