ForrestM
36
28
38
25
36
36
56
34
62
65
56
59
52
74
53
88
87
81
80
83
66
73
91
76
89
75
85
115
105
125
103
152
308
395
501
643
652
663
757
686
792
781
772
759
694
649
679
611
571
601
532
473
498
453
412
421
393
420
403
415
407
426
411
450
467
440
492
513
432
459
458
501
519
477
500
506
438
460
414
437
399
429
451
402
381
347
300
302
296
278
311
316
273
223
280
278
279
315
318
316
333
312
359
312
288
310
331
377
402
462
542
620
832
948
1343
858
431
370
296
262
252
207
194
195
158
151
147
142
128
166
161
160
153
254
336
