FrancesF
605
586
681
710
789
844
1059
1105
1452
1351
1416
1397
1670
1622
1776
1834
1964
1975
2379
2058
2495
2071
2326
2365
2657
2887
3026
3299
3593
3780
4448
4967
6680
7694
9677
12787
13746
14363
16131
15107
15882
15995
15054
14875
15185
13823
13355
12989
12135
11091
10644
9718
9554
8880
9208
8767
8785
9055
8921
8576
8618
8468
9471
9442
8484
7940
8453
8940
8175
7440
6974
6580
6081
5780
5159
4636
4323
4093
3846
3711
3591
3419
2996
2747
2600
2262
2123
1868
1742
1643
1628
1452
1280
1155
1067
1031
948
940
926
912
938
924
904
875
855
834
765
805
806
781
759
711
667
640
607
570
544
530
547
486
453
428
413
449
427
355
359
347
368
354
356
348
364
406
484
