FranciscoM
19
21
19
24
23
28
15
26
21
19
17
21
17
26
24
20
27
26
20
29
40
35
28
26
41
32
40
62
60
63
65
82
106
134
150
163
183
227
254
279
360
360
341
393
366
456
435
542
498
531
476
426
341
273
330
311
311
297
299
266
303
278
299
357
365
367
453
558
588
594
650
688
691
764
826
728
781
780
698
706
779
724
795
775
819
791
862
947
986
1107
1220
1225
1335
1375
1510
1614
1573
1496
1609
1692
1769
1956
1812
1819
1813
2015
1912
2096
2254
2620
2929
2905
2935
2965
2892
2887
2810
2865
2692
2831
2835
2856
2738
2766
2727
2740
2685
2725
2337
2083
1875
1659
1566
1698
1593
