FrankieF
17
24
21
31
42
35
57
48
100
64
67
63
72
90
68
62
58
60
66
76
71
59
88
81
92
128
110
89
148
128
166
170
207
237
282
338
382
370
474
469
454
450
452
456
532
555
525
508
510
476
545
526
559
569
590
541
570
570
527
483
515
486
532
598
544
509
455
507
502
454
435
429
428
416
423
395
393
381
352
322
320
294
272
282
237
280
223
205
200
176
166
169
148
123
128
109
120
117
105
93
96
78
55
68
57
72
76
82
96
119
111
138
171
163
134
118
112
120
109
116
94
91
95
80
109
106
105
131
98
127
113
134
172
146
214
