FrancisF
55
47
54
54
56
66
81
82
88
88
101
88
106
107
108
126
114
115
124
101
159
126
140
109
122
149
139
162
166
157
227
234
273
299
385
503
519
627
653
673
654
660
607
622
645
660
652
565
571
473
467
373
398
367
354
382
319
311
305
299
317
318
295
312
316
244
262
297
263
256
254
233
249
214
228
204
177
200
173
182
193
203
178
152
134
122
124
122
123
144
138
131
120
115
116
135
130
143
135
120
153
153
151
117
125
138
135
166
145
143
157
162
144
137
134
161
136
112
121
117
116
94
98
83
71
64
61
75
72
54
45
52
44
57
64
