FrankM
3242
2834
3176
2986
3218
3067
3127
2883
3459
2975
3078
2652
3150
2917
2863
3012
2845
2726
2925
2550
3477
2402
2756
2644
2799
2837
2798
2943
3146
3244
3768
4314
7912
9237
12001
15006
15292
15769
17018
15702
16433
16706
16014
15910
16041
15332
14491
14380
13570
12951
12536
11468
11491
10960
10635
10416
10191
10124
10256
9985
10596
10789
12242
12248
11335
10868
12668
13996
12698
11957
11622
11460
11279
11156
10991
11102
11138
11262
11313
10930
10764
10421
9756
9534
9340
8321
7794
7429
6897
6925
6803
6090
5172
4791
4362
4210
3898
3893
3773
3930
3737
3635
3604
3359
3329
3297
3174
3125
3268
3048
3186
2875
2755
2503
2478
2246
2146
2022
1884
1854
1708
1634
1588
1499
1464
1479
1400
1327
1227
1136
1072
1044
985
1005
988
