FranklinM
120
117
112
94
93
117
127
89
129
100
90
109
109
99
84
103
96
68
112
116
137
92
97
116
108
98
125
122
133
168
176
220
497
593
770
1001
1073
1194
1275
1206
1451
1350
1319
1262
1284
1295
1202
1182
1106
1058
1079
1090
2756
5362
4152
2609
2940
2516
2020
1855
2390
2205
2364
1970
1816
1894
1719
1771
1549
1623
1628
1694
1720
1761
1823
1766
1782
1692
1587
1556
1534
1526
1532
1521
1500
1371
1301
1200
1183
1225
1221
1127
929
947
914
865
803
865
836
858
877
815
858
739
795
812
785
808
831
898
850
859
849
703
702
662
694
588
636
573
530
533
507
539
507
567
621
578
588
510
510
518
492
549
655
