FrancisM
344
259
327
285
340
319
344
327
353
346
363
333
429
418
423
480
551
496
541
501
652
543
597
665
686
685
737
717
853
886
1000
1311
2516
3205
3901
5594
5652
5801
6347
5726
6242
6291
6149
6086
6133
5978
5787
5643
5515
5270
4993
4732
4387
4093
4007
3894
3874
3727
3949
3720
3606
3738
4295
4067
3648
3451
4005
4213
4215
4285
4083
4201
3978
3870
3688
3438
3291
2938
2614
2651
2423
2342
2298
2172
2070
1817
1698
1586
1513
1429
1390
1210
990
980
888
958
840
899
940
930
921
972
983
959
898
935
914
946
951
918
916
824
802
751
726
697
607
627
580
542
559
544
464
465
455
463
451
402
367
358
358
385
429
536
592
