FredrickM
103
65
76
84
86
62
75
82
82
68
80
55
69
73
50
62
48
65
72
43
67
49
42
59
43
49
48
57
66
56
70
95
193
241
344
427
437
471
503
467
558
582
539
587
586
547
626
563
547
505
548
502
488
515
456
546
627
601
664
629
741
728
788
797
736
707
844
917
939
1031
1164
1166
1210
1342
1235
1168
1135
1046
957
922
904
894
820
812
870
817
843
789
823
786
941
1023
943
775
729
720
634
661
670
647
621
595
577
493
470
505
405
385
373
434
446
413
398
354
317
354
308
276
295
248
242
224
200
210
227
191
215
213
165
197
164
139
124
157
140
