FredM
1569
1418
1641
1502
1638
1562
1599
1454
1665
1554
1506
1362
1628
1493
1475
1483
1393
1301
1447
1182
1646
1133
1286
1204
1223
1284
1193
1371
1381
1355
1587
1808
3103
3624
4441
5778
5745
5986
6180
6093
6300
6492
6247
6314
6535
6203
6447
6312
6033
5856
6045
5705
5516
5282
5462
5491
5602
5739
5767
5535
5585
5616
6087
6168
5576
5115
6012
6383
5379
4725
4198
3996
3965
3781
3693
3499
3573
3638
3514
3577
3397
3084
2857
2531
2464
2153
1879
1690
1571
1575
1505
1280
1041
1022
890
840
800
748
695
612
584
582
553
547
449
463
442
380
392
416
384
368
316
313
255
244
255
221
216
200
157
182
186
151
161
147
173
143
133
121
106
105
104
101
110
