FrederickM
483
433
457
438
454
466
461
464
496
451
410
412
453
432
413
406
381
369
368
350
420
336
330
341
390
381
377
410
438
477
543
802
1564
1997
2415
3159
3325
3455
3351
2933
3276
3375
3352
3279
3278
3091
3118
3048
2886
2811
2696
2469
2499
2321
2431
2583
2816
2879
2936
2972
3092
3288
3735
3839
3581
3435
4233
4634
4512
4749
4661
4985
4973
4864
4740
4543
4305
3999
3629
3551
3480
3314
3254
3126
3359
3158
2891
2814
2614
2776
2891
2974
2447
2181
1933
1787
1732
1627
1532
1636
1612
1470
1364
1436
1219
1223
1266
1171
1176
1114
1076
1134
1036
949
903
830
809
711
720
671
647
614
580
587
581
569
555
484
519
491
525
470
485
554
566
