FreddieM
9
9
0
6
8
11
14
7
7
12
9
13
8
18
28
24
19
30
20
25
63
29
38
45
39
46
51
74
72
76
95
100
146
167
231
283
340
354
371
437
452
497
496
570
593
646
709
713
743
825
839
804
909
924
989
1081
1195
1165
1310
1237
1318
1412
1511
1495
1516
1426
1589
1724
1707
1674
1617
1556
1493
1540
1495
1417
1426
1335
1262
1250
1216
1145
1041
912
906
845
799
767
720
662
660
585
594
555
525
549
503
517
473
470
490
473
417
409
379
356
369
330
319
302
310
282
281
262
219
202
196
201
177
177
163
167
160
163
129
137
140
115
141
133
105
98
110
116
80
