FredaF
34
34
42
33
61
67
66
80
95
112
127
161
229
231
227
250
246
279
273
266
321
255
247
280
256
310
287
306
349
321
345
413
566
613
689
944
948
1010
1025
900
974
970
924
868
915
888
829
819
749
696
610
640
603
588
651
623
495
528
543
538
487
492
503
552
466
438
471
501
469
413
438
462
430
522
478
506
528
493
460
458
450
444
343
317
276
262
193
161
150
137
145
172
168
161
127
132
109
113
111
88
98
91
75
45
54
48
43
24
35
32
29
24
25
25
21
13
16
22
18
14
13
21
18
27
16
18
16
10
17
9
12
12
19
16
11
