GabrielM
15
17
20
10
21
11
13
18
13
9
15
10
10
16
22
14
18
10
17
12
19
21
23
18
14
29
16
21
34
39
41
47
84
114
131
173
174
190
190
191
201
219
194
209
235
202
201
248
254
237
220
209
184
188
163
178
202
172
170
153
193
206
194
199
193
164
172
237
216
265
258
245
265
274
289
333
343
387
360
449
429
550
572
581
618
623
548
643
734
865
1245
1579
1919
1983
2234
2430
3303
3348
3131
3235
3495
3376
3367
3266
3321
3209
3042
3076
3116
3036
3694
4413
4334
4373
5536
5713
5897
6402
7066
7369
8677
10913
12052
12516
11551
12750
12530
12898
13019
12805
12859
12324
11538
11202
10881
