GailF
5
8
8
8
17
12
9
15
19
20
29
21
31
22
32
36
32
32
32
28
25
26
31
36
14
34
35
30
32
33
32
53
58
102
136
196
217
206
184
181
204
142
154
165
163
206
186
174
171
197
239
354
541
1179
1799
2344
2632
3216
3353
3622
3608
4444
4810
4525
4831
6228
7239
6604
7229
8349
9883
9767
9583
9716
8970
8441
7939
6610
6352
5419
4972
4379
4105
3447
2859
2300
2023
1801
1562
1426
1184
989
746
629
561
475
392
393
351
302
291
306
275
237
194
154
144
136
131
128
117
93
77
65
54
63
58
57
41
37
28
29
37
45
24
21
23
18
19
15
14
21
23
13
