GarrettM
13
7
15
13
15
9
16
14
10
16
15
12
17
15
11
19
47
35
23
16
29
11
12
15
13
12
21
21
28
10
17
23
42
32
61
75
62
67
81
84
83
79
93
82
75
73
83
79
62
77
52
72
73
58
74
79
69
75
75
99
109
98
103
143
110
119
155
152
168
168
165
183
171
164
169
174
173
201
180
194
182
217
252
319
310
290
318
336
384
488
601
605
543
492
528
567
560
720
808
1206
1288
1498
1456
1516
1730
2055
2386
2584
2644
3315
3756
4053
4268
4712
4758
4710
4652
4544
4788
5075
5840
5061
4356
3977
3689
3262
2964
2560
2447
2058
1959
1939
1741
1613
1557
