GaryM
6
6
10
0
5
7
7
7
6
0
11
6
15
7
10
12
13
13
7
8
9
10
18
8
11
16
16
16
27
12
16
25
44
40
59
79
72
72
74
82
74
86
73
86
84
115
105
130
228
537
716
992
1294
2252
3356
4490
5190
6770
8857
9680
12568
14567
17066
17862
20053
21341
26919
30028
28382
28926
33763
38140
38733
36952
37895
34399
31794
29509
25272
23294
21688
22152
20892
18922
17209
15275
14156
12616
11982
11154
10732
9193
7767
6855
6444
6120
5591
5445
5115
5039
5038
4945
4638
4271
3950
3811
3719
3484
3243
3126
3069
2677
2390
2064
1897
1625
1542
1326
1345
1252
1167
1013
1043
911
925
878
869
779
679
610
545
526
490
444
491
