GenevieveF
59
58
74
81
89
87
136
149
154
201
217
201
236
243
271
313
305
371
391
356
420
368
410
427
481
508
561
678
654
785
908
989
1353
1684
2254
2928
3063
3192
3304
3155
3258
3234
2897
2871
2723
2404
2031
2033
1746
1582
1497
1359
1148
1054
969
893
765
692
686
625
616
617
609
603
490
443
475
411
444
414
387
354
338
319
294
300
278
337
311
255
273
319
277
290
274
238
219
200
197
257
308
328
328
294
315
334
400
399
458
468
511
506
528
483
479
508
445
438
450
402
501
420
456
432
432
462
460
419
471
511
523
582
737
787
754
795
888
962
1041
1151
1195
1362
1388
1459
1603
