GenevaF
28
35
47
48
63
50
71
95
109
117
112
96
131
152
180
180
197
183
220
218
319
244
308
308
374
398
396
464
511
539
699
688
991
1068
1371
1856
1919
1997
2192
2262
2467
2485
2443
2406
2582
2470
2328
2264
1981
1847
1797
1663
1634
1420
1470
1306
1336
1329
1177
1143
1071
1047
1047
993
916
912
955
926
827
786
755
722
694
746
646
557
546
560
495
457
430
425
371
343
376
299
288
293
262
262
297
239
251
283
213
252
248
247
249
230
257
260
245
259
219
235
208
188
238
226
231
210
208
209
197
189
185
183
180
180
157
164
165
153
155
151
161
170
155
171
151
157
185
158
169
