GeneM
7
12
14
10
11
20
13
19
12
11
17
15
23
22
19
28
29
19
25
22
48
31
41
45
58
44
63
65
78
81
91
102
187
248
352
493
517
542
662
676
810
873
1088
1171
1275
1581
2087
2797
3090
2809
2785
2770
2946
2778
2854
2940
2907
3166
3147
3012
3060
3073
3124
2868
2601
2373
2756
2898
2543
2443
2252
2232
2073
2002
1903
1890
1751
1839
1819
1928
1789
1671
1512
1562
1529
1309
1149
1068
1071
1039
934
878
743
626
570
555
462
524
453
489
452
417
413
375
374
343
328
322
304
291
267
305
252
221
209
174
170
164
136
160
123
129
99
106
108
93
95
85
79
81
65
61
71
67
53
