GeorgeM
5126
4664
5193
4736
4961
4674
4671
4284
4912
4430
4458
3931
4760
4320
4365
4289
4286
4078
4853
4018
5403
3609
4223
3961
4219
4256
4201
4445
4584
4688
5441
6586
11734
13873
17603
22308
23379
24197
26320
25173
26890
27474
27350
27030
27370
26564
25900
25951
24401
23016
22773
20678
20437
18359
18494
18554
18192
18429
18435
17886
18307
19258
21270
21676
20418
19319
21569
23916
21917
21318
20185
20215
19807
19168
18683
18156
17235
16862
15638
15007
14060
13636
12559
12085
11797
10688
9939
9706
9391
9202
8925
8229
7164
6606
6283
5842
5564
5603
5293
5256
5297
5157
4988
4490
4264
4254
4342
4087
4293
4511
4564
4179
3892
3511
3318
3286
3227
3175
3044
3041
3035
3085
3015
2910
2734
2823
2699
2757
2551
2380
2368
2315
2333
2543
2999
