GeorgiaF
259
256
320
325
341
371
395
351
477
445
512
444
552
541
535
562
562
529
654
553
765
549
664
632
736
722
706
787
768
813
1010
957
1195
1382
1492
1853
1992
2163
2344
2283
2355
2313
2364
2369
2396
2411
2351
2254
2291
2124
2157
1959
2063
1813
1918
1871
1820
1812
1761
1831
1773
2051
2215
2377
2360
2318
2308
2476
2311
2202
1942
1928
1748
1742
1535
1479
1304
1250
1111
1015
988
1030
908
907
871
720
655
673
582
561
507
470
427
381
360
349
340
366
349
365
332
305
284
299
295
271
245
261
303
275
291
320
382
365
341
366
394
449
619
858
929
741
782
810
854
1007
1214
1142
1072
981
987
1044
1065
1262
1325
