GerardM
5
0
0
9
0
8
5
0
9
14
10
5
5
5
11
15
8
11
18
25
25
32
30
39
49
89
149
201
236
323
359
413
447
410
409
530
541
554
541
554
584
629
594
552
601
551
542
536
545
525
468
478
535
521
553
689
830
770
720
681
883
983
971
1043
1163
1300
1338
1365
1519
1519
1620
1514
1472
1399
1395
1307
1117
1076
1024
828
796
664
585
544
546
518
399
377
388
399
366
348
338
335
342
316
366
303
336
343
330
313
326
326
350
308
269
250
258
213
195
190
175
174
194
146
156
133
124
113
117
99
126
130
140
172
171
182
202
