GeraldineF
7
11
12
15
18
19
25
16
40
29
27
49
60
56
73
81
86
86
110
130
145
141
156
198
219
259
321
344
362
444
551
627
949
1058
1320
1866
2549
2897
3446
3727
4265
4522
4641
4712
4831
4837
4815
4930
5154
5335
5447
5410
5337
4958
4837
4817
4862
4554
4653
5158
5152
5228
5435
5190
4665
4474
4850
4809
4211
3919
3450
3348
3051
2671
2572
2195
2062
1853
1566
1451
1428
1280
1202
1060
1102
915
823
741
669
566
517
410
217
236
180
156
162
119
120
110
109
125
125
103
107
125
122
138
355
250
199
161
153
118
102
115
90
83
94
82
95
104
92
127
185
165
144
137
165
202
208
265
254
163
158
