GeraldM
11
14
15
13
19
23
28
22
30
48
44
45
62
55
75
76
95
93
100
108
157
133
151
182
201
189
191
239
270
301
289
462
929
1142
1468
2085
2261
2487
2711
2689
3157
3383
3544
3693
4154
4506
5122
5510
5491
5965
6481
6825
7345
7422
7815
8453
9016
9423
9968
10050
10240
10939
11480
11359
10021
8859
10027
10750
9842
9806
9727
9537
9030
8609
8536
8069
7979
7595
6861
6632
6564
6624
6233
6159
5869
5256
4869
4871
4477
4390
4401
3594
2822
2592
2416
2401
2142
2047
1891
1865
1819
1763
1719
1550
1442
1448
1455
1441
1403
1470
1450
1259
1175
1116
954
890
822
773
671
685
680
609
556
529
552
472
464
469
415
395
348
371
346
325
278
