GertrudeF
787
791
939
923
1063
1086
1250
1251
1468
1543
1713
1645
1924
1811
1908
2129
2221
2135
2302
2111
2580
1964
2207
2253
2269
2276
2375
2499
2562
2622
2932
2895
3887
4015
4937
6077
6243
6300
6264
6015
5797
5348
5082
4699
4543
3890
3853
3505
3014
2724
2553
2091
1968
1620
1582
1425
1316
1318
1167
1093
1010
999
931
867
812
664
639
702
651
657
612
559
475
423
393
369
340
300
242
220
214
171
153
168
153
112
98
72
58
53
54
55
55
55
39
43
21
20
19
19
27
22
24
21
16
14
12
11
22
17
9
14
9
8
13
9
14
7
5
12
16
9
11
9
17
14
15
18
16
8
17
17
17
18
20
