GilbertM
101
92
88
92
100
77
91
102
109
105
116
86
120
122
139
132
129
121
143
107
145
129
166
138
188
183
199
212
223
239
274
369
649
868
1060
1452
1441
1510
1576
1592
1763
1704
1748
1705
1796
1658
1780
1976
2047
2056
2118
1992
1973
1706
1774
1683
1662
1683
1597
1553
1528
1703
1723
1813
1647
1622
1751
1874
1869
1811
1881
1917
1850
1907
1954
1855
1959
1957
1809
1745
1787
1709
1626
1628
1518
1346
1266
1269
1169
1110
1170
1063
963
918
887
879
825
787
796
778
833
822
791
757
775
686
781
738
710
677
725
686
611
639
505
501
468
448
420
419
419
408
351
361
407
378
347
347
316
278
258
242
201
233
240
