GladysF
20
40
46
71
92
91
131
201
314
414
525
633
867
1017
1258
1464
1757
1737
2136
2228
2733
2676
2809
2674
2976
2996
3000
3303
3580
3538
3842
3933
4980
5428
6227
7857
8019
8075
8735
8717
8819
8813
8041
7695
7790
7231
6633
6413
5793
5330
5062
4349
4183
3585
3610
3147
2943
2871
2590
2417
2245
2221
2191
2111
1901
1707
1714
1820
1602
1544
1531
1450
1302
1369
1260
1228
1171
1072
951
846
861
819
714
689
627
578
435
442
382
399
365
343
244
270
267
310
257
270
201
237
291
255
292
216
227
256
231
236
243
265
448
332
312
320
289
283
277
249
192
214
184
184
198
190
186
202
207
160
135
120
103
81
81
69
73
