GlennM
43
45
51
65
61
68
99
86
110
103
117
138
139
131
142
150
174
171
178
161
194
180
185
198
217
189
217
234
247
261
349
343
948
1122
1326
1842
1970
1997
2253
2153
2375
2449
2426
2368
2587
2611
2634
2670
2599
2434
2759
2622
2436
2367
2339
2437
2327
2262
2369
2301
2465
2523
2887
3050
2849
2731
3894
5155
4743
5412
5469
5797
5944
5735
6235
6243
6205
6251
5451
5353
5558
6274
7356
5974
4748
4365
3665
3444
3243
3470
3008
2478
1982
1699
1544
1384
1319
1244
1121
1117
1144
1106
1088
1014
1021
1002
982
986
923
911
854
842
696
653
553
529
483
459
440
397
335
302
321
296
296
261
236
260
246
175
189
162
179
162
159
