GlenM
24
31
27
27
47
45
49
52
77
58
68
85
106
77
108
102
113
88
111
101
134
105
123
121
120
128
120
150
158
178
184
231
460
606
853
1112
1156
1235
1318
1389
1413
1507
1383
1451
1519
1538
1517
1618
1591
1428
1595
1562
1464
1336
1441
1393
1441
1359
1463
1427
1434
1409
1420
1444
1452
1393
1678
2069
2045
2202
2174
2216
2493
2391
2494
2488
2718
2924
2787
2697
2441
2687
2833
2359
2125
2070
1749
1711
1671
2246
2000
1530
1155
868
820
807
751
667
654
587
599
610
585
527
549
509
463
505
505
480
450
416
370
337
321
302
259
236
218
201
217
194
181
166
147
126
124
130
114
119
94
114
97
102
105
