GloriaF
7
0
0
0
0
0
0
0
0
6
0
8
6
11
10
0
10
13
7
39
28
23
25
32
41
42
52
71
83
115
126
159
158
192
239
331
435
516
547
1017
2731
4497
5310
6535
9378
9197
8534
8116
7539
7604
8545
7811
6752
6809
6346
6140
6329
6300
5938
8025
9005
9446
9682
9966
11038
11686
12623
11687
11877
11038
10946
10466
9673
8916
8557
7927
7112
6131
5922
5958
5690
5102
4537
3963
3439
2858
2616
2254
2166
2041
1867
1619
1555
1420
1289
1174
1129
1048
1073
1070
1109
1074
1149
1048
997
976
987
936
1080
1179
1127
1113
1005
979
895
927
864
885
809
842
715
777
712
723
715
701
713
740
614
588
509
580
571
569
