GordonM
51
32
37
38
39
48
64
47
83
60
63
71
83
83
112
104
117
89
110
107
137
103
109
142
177
165
184
199
196
230
265
404
822
1017
1355
1717
1792
2019
2233
2017
2278
2383
2525
2577
2714
2748
2628
2680
2594
2494
2612
2397
2407
2524
2641
2613
2567
2531
2659
2507
2293
2403
2606
2608
2271
2149
2409
2670
2509
2545
2692
2754
2827
2782
2736
2554
2477
2461
2221
2212
2155
1987
1781
2081
1773
1446
1388
1116
1092
1014
992
915
719
660
632
585
518
549
517
502
533
519
538
496
504
489
517
492
462
471
441
414
399
404
347
353
343
289
275
265
284
249
274
235
246
208
215
196
212
182
180
183
195
188
224
