GracieF
18
24
19
39
31
40
42
40
65
68
69
79
82
88
90
108
93
116
96
108
158
121
160
151
178
168
153
185
174
189
246
197
289
273
339
414
421
437
448
479
527
516
533
532
535
573
493
489
503
459
474
435
454
409
435
414
455
416
445
424
420
403
434
406
396
378
359
375
364
338
335
326
326
283
319
323
336
391
332
325
317
271
255
231
247
207
176
142
131
129
125
122
88
128
92
103
74
94
88
91
112
113
103
87
93
94
88
113
122
125
131
111
116
121
126
127
187
221
382
894
1311
1911
2155
2723
2940
3369
3293
3474
3423
2860
2422
2233
1997
1939
2032
