GraceF
982
1089
1195
1307
1525
1575
1723
1692
2090
2049
2278
2088
2299
2308
2361
2448
2485
2458
2726
2353
2942
2398
2642
2615
2513
2630
2626
2747
2901
2912
3145
3304
4418
4669
5595
7044
7461
7373
7770
7195
7173
7229
6743
6316
6328
5982
5428
5302
4992
4567
4217
3712
3536
3327
3087
2996
2789
2710
2609
2370
2385
2103
2157
2121
1926
1746
1763
1883
1678
1609
1512
1578
1524
1379
1412
1387
1838
1919
1706
1660
1568
1443
1329
1272
1212
1115
937
896
751
697
777
680
606
606
533
568
527
526
588
690
757
831
950
998
1016
1062
1156
1376
1706
1927
2186
2385
2654
2701
3171
3471
3742
4638
5718
9178
11283
12085
12053
12771
12528
11860
10965
9761
9032
8307
7676
7627
7365
7354
7602
