GrantM
52
33
41
32
41
59
69
48
45
39
65
56
64
55
62
77
71
72
52
40
82
45
54
61
58
63
64
75
79
59
96
67
169
186
253
357
351
398
435
406
391
411
417
381
368
373
334
346
309
296
305
260
271
253
271
288
251
275
285
290
317
373
403
417
390
343
388
451
419
465
471
505
549
552
624
607
617
639
588
588
719
812
773
781
668
620
628
578
573
658
784
662
577
576
616
720
718
725
820
1010
1108
1096
1172
1551
1585
1651
1484
1562
1621
1680
1691
1733
1911
2158
2279
3206
3205
3314
3014
2939
3172
2922
3076
2916
2815
2657
2688
2568
2863
2725
2537
2539
2467
2418
2636
