GregoryM
5
6
0
0
5
5
7
0
5
6
12
0
9
9
10
9
10
8
14
11
12
16
10
10
16
13
16
21
26
26
25
36
66
85
107
136
143
158
175
163
180
185
219
191
226
213
243
243
260
237
248
256
283
254
329
368
393
507
536
599
757
826
1026
1134
1307
2476
5672
9328
9727
10984
13319
14093
15208
16143
17606
19793
21082
21448
19790
19875
20323
21354
21961
21436
19899
18213
17017
15791
15408
16172
16297
14770
13068
11683
10834
10408
10067
10054
9350
9115
9268
8756
10151
9981
9687
9767
9529
9127
8628
8755
8377
7547
6495
5806
5136
4442
3991
3803
3429
3045
2836
2474
2277
2105
1968
1901
1833
1679
1555
1423
1286
1263
1226
1176
1103
