GretchenF
10
7
6
5
11
16
18
22
29
34
24
32
24
35
40
26
39
37
55
41
30
39
44
42
55
47
60
66
95
80
134
158
196
288
296
246
176
128
131
144
150
149
123
144
143
142
177
152
178
198
233
240
288
301
303
349
484
420
471
440
464
448
490
493
567
570
640
608
545
618
583
578
563
575
567
566
687
816
934
1046
1003
962
975
906
962
966
887
1106
1246
1347
1260
1350
1278
1175
1224
1045
947
929
918
894
747
595
523
451
405
359
344
430
357
377
318
319
281
283
290
283
290
301
310
312
285
316
275
348
355
316
283
265
225
234
202
202
191
