GuadalupeF
5
6
7
5
13
11
8
0
18
14
17
23
15
18
22
20
25
26
29
27
39
38
35
31
46
54
54
50
56
67
69
68
92
115
156
155
150
193
238
276
323
365
352
362
388
385
383
418
433
394
426
348
317
312
284
254
259
274
270
243
292
299
292
442
499
535
562
580
667
629
658
636
631
663
621
576
543
531
474
440
441
406
422
432
396
415
423
402
391
484
485
480
462
512
489
566
561
549
535
556
590
622
578
540
528
607
607
630
626
737
836
851
946
1257
1332
1228
1328
1405
1382
1301
1308
1342
1296
1329
1213
1272
1305
1220
1124
1111
975
908
785
664
651
