GuyM
239
186
253
224
260
266
255
238
297
271
249
262
315
267
261
261
262
195
215
200
240
170
186
187
175
203
168
189
200
195
250
243
455
566
580
816
903
904
999
908
957
1120
1118
1043
1054
978
994
921
868
820
828
780
757
790
767
768
711
732
719
711
716
760
799
824
781
759
974
1182
1023
1130
1239
1396
1841
1885
2094
2038
2215
2301
2106
2025
1947
2025
1915
1743
1605
1365
1278
1168
1145
1170
1010
864
728
628
593
534
508
498
435
464
417
404
422
342
342
367
342
355
326
313
323
332
282
259
202
208
192
187
208
190
201
209
172
173
168
152
186
159
163
146
157
141
142
149
156
