GwendolynF
5
5
0
0
0
0
6
8
9
12
11
6
18
15
16
28
24
27
33
27
37
39
57
62
75
68
87
100
127
123
151
194
276
298
382
575
574
577
657
647
758
819
771
849
883
891
848
959
988
891
959
895
928
925
1002
984
943
1084
1205
1182
1222
1268
1380
1534
1526
1560
2061
2449
2507
2834
3044
3189
3333
3515
3412
3456
3381
3295
2669
2648
2552
2531
2504
2259
1894
1700
1417
1337
1241
1200
1221
1081
869
764
794
792
731
585
544
533
486
444
432
392
359
408
370
317
310
318
314
314
317
267
289
228
282
311
315
347
316
373
453
458
475
507
457
455
526
522
516
510
591
649
761
