HannahF
221
196
214
209
275
236
254
279
295
301
267
293
326
304
293
301
323
288
338
288
325
266
271
250
261
219
256
239
240
278
305
279
359
396
443
546
549
541
513
534
471
496
411
434
382
381
360
347
274
255
250
213
231
202
239
208
174
199
197
212
187
181
213
195
166
153
143
184
183
171
165
164
151
154
153
135
141
124
124
136
133
150
143
146
136
125
135
123
143
145
173
181
249
300
327
444
537
636
736
972
1221
1410
1579
2399
2265
2447
3385
4592
5557
7830
10274
10765
11494
12500
14494
17012
18594
20588
21374
21669
23075
20707
18817
17628
15601
14842
14539
13296
9556
7565
6978
6560
7269
7284
6551
