HarleyM
70
61
75
63
73
51
73
77
82
60
52
64
91
76
63
68
64
82
71
59
79
63
83
65
56
69
52
75
71
73
89
88
197
204
322
434
454
430
491
453
484
537
525
478
522
461
493
456
484
425
454
440
395
353
375
364
354
364
348
333
345
327
319
354
309
307
318
337
294
302
264
257
272
256
243
225
235
236
176
178
172
166
138
134
148
124
140
125
123
113
129
134
135
130
169
141
169
189
237
244
282
244
247
212
208
226
203
189
228
269
292
350
556
727
789
652
603
566
539
494
534
528
576
612
558
484
493
416
420
462
441
363
381
400
407
