HaroldM
113
120
127
108
191
201
224
279
298
340
408
419
583
566
690
753
862
860
963
914
1246
915
1077
1065
1186
1258
1330
1452
1542
1725
1909
2448
5102
6157
7563
10444
10698
11196
12186
12020
13679
13812
13592
13874
14154
13597
13306
13232
12676
11677
11653
10691
10423
9545
9925
9166
8627
8546
8552
8305
8074
8100
8583
8660
7979
7527
8365
8900
8142
7814
7223
7166
6962
6580
6336
6085
5948
5748
5147
4939
4678
4438
4230
4098
3879
3542
3322
2959
2838
2768
2726
2390
2036
1812
1680
1591
1441
1438
1244
1249
1193
1099
1045
939
862
856
803
801
801
783
771
683
664
602
518
520
507
433
407
413
406
377
363
343
350
349
356
349
310
265
305
256
260
234
271
