HarryM
2152
2002
2232
2110
2323
2198
2257
2057
2759
2559
2345
2132
2460
2245
2189
2128
2091
1879
2129
1732
2272
1594
1750
1647
1722
1619
1631
1813
1934
1924
1978
2538
4624
5458
6588
8470
8476
8856
9896
8989
9409
9731
9081
9261
9113
8612
8210
8017
7608
7138
6844
6041
5703
5138
5095
5053
4928
4813
4822
4662
4677
5056
5626
5718
5477
5653
6027
6512
5944
5545
5375
5304
4990
4572
4357
4133
3922
3794
3587
3280
3016
2741
2627
2495
2401
2113
1993
1878
1778
1627
1698
1529
1333
1204
1079
1072
967
949
912
914
859
836
768
753
727
780
678
709
670
746
626
633
645
567
551
507
482
449
479
460
438
454
437
446
446
459
414
445
379
384
364
324
324
328
336
