HarrietF
319
270
289
341
339
342
341
342
389
397
399
354
402
428
411
435
437
383
491
431
461
414
399
416
448
413
497
477
548
527
637
791
1043
1039
1455
1849
2067
2203
2345
2168
2361
2388
2235
2199
2190
2069
1985
1964
1784
1698
1597
1415
1350
1237
1280
1294
1333
1418
1374
1390
1362
1396
1442
1443
1262
1175
1300
1323
1118
1102
935
924
883
796
720
693
592
559
511
514
471
433
387
350
278
290
207
228
145
154
168
109
92
75
97
75
61
66
59
47
57
50
61
47
40
46
41
37
31
42
35
30
42
27
30
36
34
30
46
34
37
43
38
43
31
43
61
61
36
55
56
87
89
128
130
