HarrisonM
65
61
76
61
63
45
77
99
400
288
156
106
158
120
85
81
79
69
83
54
69
44
53
47
46
56
44
55
59
57
95
82
170
197
262
313
298
320
372
322
407
349
374
361
333
349
302
293
274
223
241
226
252
234
202
200
181
211
216
202
179
177
211
233
179
224
196
263
240
231
217
217
228
219
205
190
190
200
178
190
175
140
168
158
132
117
130
133
111
118
121
99
115
117
107
111
103
78
99
104
135
140
201
226
222
414
463
592
693
884
928
984
1019
1029
1331
1360
1478
1824
1903
1925
1981
1798
1866
1697
1728
1717
1557
1653
1735
1464
1491
1828
2122
2506
3198
