HarveyM
344
282
300
318
358
304
310
262
334
311
296
274
298
284
293
282
292
268
284
251
322
253
264
293
300
286
351
335
339
361
382
446
875
1028
1250
1613
1763
1808
2112
2027
2166
2285
2208
2114
2243
2191
2129
2198
2185
2065
2062
1976
2029
1895
1935
1957
1971
2080
2049
1946
2084
2018
2283
2244
1950
1975
2057
2209
2000
1936
1813
1641
1593
1534
1458
1292
1377
1279
1172
1086
998
957
860
890
865
723
660
624
631
577
543
495
444
399
427
339
328
318
321
297
285
285
254
258
205
232
189
216
254
231
213
190
177
180
169
141
138
151
131
137
150
129
127
134
148
156
138
143
143
179
186
247
285
403
574
