HattieF
769
775
859
895
993
1008
1139
1135
1298
1328
1363
1219
1363
1315
1325
1338
1320
1251
1328
1087
1553
1106
1163
1106
1123
1197
1056
1142
1137
1134
1314
1135
1389
1434
1678
1825
1889
1858
1999
1895
1871
1776
1780
1700
1760
1738
1602
1508
1373
1262
1283
1058
1060
1086
1066
974
940
931
918
913
893
853
786
819
752
746
739
778
754
721
643
576
553
505
436
421
389
327
309
289
288
244
235
212
175
165
127
112
110
114
96
97
90
79
86
72
67
58
71
64
76
78
76
55
60
55
57
57
67
63
58
77
69
61
76
64
107
80
103
96
120
128
125
124
109
121
128
142
151
123
157
255
398
510
499
