HazelF
21
50
73
123
209
281
429
504
898
1056
1366
1447
1897
2052
2103
2252
2226
2339
2439
2033
2425
2097
2238
2139
2301
2351
2315
2530
2698
2708
3032
3290
4197
4589
5324
7092
7214
7285
7615
7430
7308
7340
6758
6244
6346
5777
5301
5093
4653
4163
3887
3505
3341
3027
2809
2695
2510
2350
2335
2099
2067
1982
1911
1852
1661
1436
1520
1560
1347
1320
1180
1152
1057
1043
1034
910
769
747
656
585
577
515
446
421
363
343
301
256
241
212
234
188
169
142
137
134
115
127
131
112
131
131
120
90
116
119
121
141
111
154
145
127
143
147
146
162
170
192
219
231
246
319
314
385
404
575
681
906
966
1123
1239
1478
1784
2051
2897
