HectorM
15
6
6
10
11
9
6
7
18
7
6
13
15
6
8
7
12
14
10
12
19
5
0
11
17
12
12
16
15
18
18
35
51
51
58
108
91
85
90
107
119
130
123
127
139
139
145
182
186
193
197
189
172
198
186
175
166
155
183
172
193
178
193
240
241
258
301
334
422
467
473
589
597
629
644
794
799
808
845
912
877
891
925
961
942
969
936
934
1037
1131
1127
1175
1115
1195
1215
1249
1253
1143
1242
1422
1448
1407
1526
1369
1332
1491
1474
1589
1655
1804
1986
2036
2015
2032
1972
1877
1964
1871
1814
1913
1979
1903
1941
1997
2001
2458
2327
2237
2176
1842
1562
1412
1323
1255
1212
