HelenF
636
612
838
862
986
1134
1267
1405
1847
1909
2312
2417
2936
3249
3676
4023
4392
4519
5230
5048
6343
5247
5967
6129
6488
6811
7176
7579
8439
9250
10479
11802
16133
18889
23221
30866
32661
34249
36150
33705
35098
34819
32507
31492
31193
29168
26884
25316
22936
20983
19914
17657
16375
14645
14099
12778
12232
11452
10833
10417
10201
9889
10013
9799
8693
8300
8852
8978
8305
7709
7060
6945
6470
6120
5940
5596
5279
5015
4763
4378
4069
3855
3587
3340
3095
2804
2449
2153
1881
1857
1715
1441
1245
1133
1140
1057
942
992
922
879
909
896
875
844
859
809
766
815
775
857
861
773
827
868
848
837
900
812
832
841
890
884
875
783
860
960
948
931
884
826
703
729
772
738
801
