HelenaF
60
61
60
69
86
86
69
78
103
103
100
94
124
99
106
107
118
131
133
135
112
119
133
108
112
106
93
139
124
151
175
175
220
245
327
405
424
440
488
440
384
391
358
371
386
351
257
287
270
252
242
247
223
205
187
190
177
198
168
195
200
194
218
209
183
178
228
220
210
226
218
227
208
229
211
209
225
263
229
248
216
238
252
272
305
260
225
196
185
192
201
188
188
188
194
205
187
212
213
244
218
220
243
206
200
186
206
166
184
175
199
196
187
233
287
340
348
310
339
415
367
415
432
541
511
529
595
584
501
532
550
491
527
540
622
