HenriettaF
191
181
211
203
240
225
288
269
349
323
366
348
424
409
400
420
412
416
430
410
491
383
437
433
449
428
475
470
468
480
525
558
822
865
1058
1246
1264
1350
1411
1301
1301
1174
1168
1148
1138
1059
958
898
847
762
673
650
625
521
531
555
553
575
545
586
540
567
662
654
521
540
546
565
540
511
460
446
426
415
382
395
360
343
307
294
272
240
230
198
195
153
152
113
113
113
113
91
68
79
57
62
48
55
43
44
36
38
35
35
35
30
26
28
29
25
36
33
36
24
16
14
19
13
18
14
14
15
15
13
15
8
11
17
17
19
26
34
46
65
75
