HenryM
2444
2339
2579
2383
2474
2406
2404
2228
2596
2286
2349
2049
2452
2162
2278
2221
2183
1994
2145
1831
2606
1870
2154
1922
2086
2126
2112
2203
2283
2411
2899
3167
5644
6391
8110
10139
10655
10696
11354
10615
11303
11412
11207
11070
11197
10618
9996
9861
9322
8568
8593
7798
7465
6728
6738
6853
6447
6671
6558
6557
6818
7159
7561
7624
6971
6602
7315
7806
7418
7180
6970
7116
6967
6669
6397
6196
5956
5747
5147
5059
4966
4620
4351
4188
4127
3798
3583
3333
3130
3062
3132
2947
2421
2361
2323
2087
2130
2134
2043
1943
2072
2187
2079
1950
2031
2063
1995
2086
2079
2174
2253
2261
2339
2483
2417
2539
2553
2647
2790
2914
3117
3191
3327
3464
3906
4172
4665
5110
5776
5893
6392
7226
8061
8858
9406
