HerbertM
424
369
431
422
421
388
400
445
485
472
467
501
513
519
585
569
635
565
716
590
751
573
615
668
680
681
689
710
759
831
886
1125
2236
2723
3253
4341
4464
4744
5128
4959
5251
5219
5046
5073
5121
4920
4939
5020
8067
7868
5672
4784
4369
3682
3600
3442
3114
3039
3013
3094
2873
2963
3111
3042
2773
2659
2819
2856
2871
2731
2628
2698
2655
2614
2590
2506
2392
2277
2082
1845
1783
1686
1579
1504
1391
1380
1158
1150
1058
1011
1034
951
805
708
678
674
632
586
567
618
569
551
516
481
436
430
381
349
400
350
348
285
307
273
235
217
204
195
193
151
157
148
161
120
109
118
113
104
110
94
99
80
72
79
74
