HermanM
347
304
348
359
385
326
418
394
403
405
382
383
421
455
433
439
427
412
467
413
550
393
457
449
497
475
502
562
562
618
696
853
1646
1905
2430
2983
3043
2973
3042
3027
3109
3219
3014
2961
2952
2891
2792
2858
2591
2622
2595
2262
2192
1946
2012
1919
1811
1874
1900
1801
1669
1777
1789
1725
1637
1418
1589
1793
1838
1610
1562
1541
1498
1409
1413
1365
1323
1320
1211
1183
1050
1005
1000
845
914
796
755
662
662
666
616
546
552
495
457
457
437
413
383
409
367
331
362
352
276
309
276
282
277
294
252
269
219
207
191
173
182
162
151
146
127
119
113
116
119
107
102
93
100
94
76
89
65
80
73
