HildaF
60
48
58
99
125
121
143
156
219
251
304
324
370
410
470
513
549
561
610
621
663
574
649
698
629
655
705
702
735
773
793
916
1158
1275
1525
1891
2075
2006
2119
1916
2051
2128
1961
1860
1941
1825
1847
1669
1574
1334
1302
1097
1106
957
929
868
822
761
849
762
797
795
783
704
744
680
716
844
798
704
682
709
666
726
659
659
625
586
520
467
458
424
428
380
412
375
291
292
250
286
299
276
284
236
304
249
279
197
236
221
253
242
217
195
188
183
170
146
139
172
158
164
156
152
148
138
124
112
103
106
82
88
120
86
88
75
90
61
62
75
47
41
65
33
44
