HomerM
205
181
190
210
216
228
224
248
256
255
223
230
301
293
273
296
258
278
246
239
326
257
269
257
256
318
267
312
340
313
347
419
794
987
1152
1487
1506
1552
1679
1548
1722
1657
1630
1545
1648
1546
1501
1370
1319
1207
1170
1104
1057
965
937
820
830
889
855
783
774
776
780
803
740
641
593
639
618
590
552
537
542
480
457
414
466
411
373
372
323
327
309
256
263
231
224
173
193
193
181
190
143
119
143
112
109
111
101
99
106
98
78
86
72
79
70
54
53
50
58
39
49
29
31
32
36
29
33
27
22
18
31
9
24
19
21
22
27
13
25
21
25
19
29
