HopeF
9
7
6
17
14
20
15
16
6
18
26
26
22
35
35
39
30
29
33
18
35
31
32
47
49
36
51
49
38
61
62
67
94
104
124
210
262
295
369
333
349
361
371
368
407
339
311
338
279
253
240
193
195
207
187
162
201
227
251
224
212
233
315
295
218
215
404
405
335
376
474
468
444
456
485
551
545
443
578
563
570
512
500
587
1277
1153
1359
967
832
980
987
1456
1294
951
1299
1208
1151
1019
866
786
781
651
557
503
811
908
910
808
823
872
1055
1052
892
955
1224
1527
1610
1770
1951
2263
2321
2179
2053
1897
1911
1887
1772
1681
1531
1427
1309
1386
1447
1387
1428
