HoraceM
199
152
176
167
154
155
156
160
165
166
162
165
187
171
196
211
204
160
189
169
244
178
199
175
205
212
202
223
235
252
261
300
615
657
840
1114
1106
1182
1199
1215
1275
1314
1251
1242
1166
1139
1109
1180
1100
1002
971
931
884
864
815
789
691
745
722
710
662
740
728
682
646
599
669
741
719
684
689
601
646
655
612
544
541
548
431
453
417
384
342
321
349
305
270
272
249
227
242
255
204
174
174
146
162
159
146
155
122
125
141
115
112
99
104
83
103
114
105
112
91
90
81
70
61
47
50
46
60
59
38
38
48
35
30
27
28
21
28
35
25
17
40
