HowardM
357
359
422
429
432
438
467
429
513
503
501
485
548
556
612
641
677
634
706
589
779
584
632
636
726
735
803
875
1078
1166
1310
1467
3212
3663
4490
6103
6172
6410
6928
6844
7467
7712
7296
7161
7371
7167
6839
6830
6493
6011
6341
5620
5293
4996
5064
4966
4876
4700
5016
4605
4825
5071
5568
5737
5024
4766
5691
6061
5494
5286
5171
5103
5240
4984
4926
4748
4692
4616
4365
3991
3820
3563
3273
3161
3063
2679
2550
2286
2155
2145
1997
1842
1497
1350
1208
1167
1032
1017
957
929
923
855
792
727
673
676
599
625
614
558
573
494
464
416
374
357
305
324
330
277
270
289
265
258
235
229
243
240
229
215
229
205
201
193
209
