HubertM
59
43
49
53
61
72
61
78
75
83
85
92
86
107
105
106
119
123
114
125
189
140
165
170
173
163
162
184
203
222
289
316
544
765
932
1195
1351
1338
1454
1416
1507
1548
1527
1533
1551
1461
1322
1374
1487
1386
1273
1230
1086
929
1000
905
890
892
824
783
761
731
787
756
758
609
682
732
652
625
603
619
565
559
511
532
487
484
487
422
400
370
310
342
337
305
277
258
258
236
245
242
182
184
154
159
148
161
141
125
153
122
141
96
106
110
92
81
90
98
81
81
82
60
55
61
65
55
48
45
55
46
48
46
52
57
53
52
48
37
49
47
45
32
47
