HughM
224
219
239
215
246
257
227
250
253
225
219
233
265
241
269
243
263
213
250
209
290
192
217
193
202
200
195
212
215
260
279
307
648
754
967
1318
1619
1403
1489
1416
1489
1485
1441
1411
1541
1387
1392
1356
1375
1231
1343
1325
1320
1118
1187
1142
1074
1070
1121
999
1059
1082
1253
1207
1061
961
1088
1199
1039
1042
961
1020
980
956
941
896
957
967
1031
981
903
871
813
798
722
656
566
503
496
463
486
434
403
300
293
281
242
261
241
236
227
210
229
198
201
226
189
199
186
210
193
176
161
142
168
176
193
202
203
178
171
187
191
194
184
182
184
200
194
199
206
210
220
227
254
