IdaF
1472
1439
1673
1634
1882
1854
2049
1929
2229
2122
2178
2002
2259
2247
2195
2170
2159
2108
2090
1804
2285
1835
1836
1774
1751
1757
1753
1980
1952
1943
2107
2119
2740
2916
3561
4125
4364
4247
4450
4162
4091
4146
3985
3888
3862
3489
3282
3203
2996
2674
2645
2415
2318
2063
1972
1924
1798
1785
1724
1588
1688
1608
1622
1476
1335
1232
1390
1350
1303
1288
1195
1074
1063
1017
1059
938
933
869
791
819
738
701
658
625
579
519
513
478
402
389
385
345
326
306
302
240
217
250
219
239
209
206
205
152
155
153
155
150
163
133
121
114
135
105
106
98
98
93
88
65
88
89
73
83
79
86
83
94
98
95
102
93
99
117
148
