InezF
106
95
106
141
148
150
197
180
233
277
299
263
336
325
357
403
398
391
479
431
588
459
503
485
596
601
620
680
757
826
916
924
1228
1395
1579
2005
2057
2050
2105
2083
2107
2081
1991
1852
1825
1889
1632
1590
1371
1256
1174
1111
988
890
882
803
744
745
623
605
566
528
574
476
470
399
446
460
401
408
350
382
334
323
300
310
283
308
262
239
237
228
214
210
197
168
192
146
135
134
138
146
105
95
105
108
133
125
117
106
119
93
107
81
82
82
67
64
68
70
86
77
54
70
55
55
63
62
70
67
69
74
69
61
57
53
51
63
60
54
46
55
68
72
61
