IraM
249
286
244
239
284
235
198
215
222
207
209
179
231
181
206
207
190
180
195
138
218
142
156
167
144
169
151
196
196
175
233
236
394
479
605
812
820
857
862
817
829
878
792
830
834
789
784
792
727
655
703
618
660
580
570
550
500
576
554
525
625
603
760
620
612
658
779
884
823
790
796
812
761
726
708
681
699
641
605
594
601
549
501
415
420
408
400
373
334
411
350
337
347
317
276
322
264
306
307
285
282
275
255
233
211
161
197
176
148
158
151
148
129
109
109
112
123
108
96
99
101
88
137
103
107
93
100
111
98
126
130
109
149
155
160
