IreneF
204
206
232
260
324
376
437
504
722
737
893
950
1107
1111
1347
1428
1593
1587
1902
1703
2264
1879
2210
2001
2212
2357
2423
2617
2732
2961
3281
3502
4646
5335
6197
8323
9033
9165
9774
9712
10073
10623
10172
10051
9930
9439
9168
8607
7732
7036
6465
5615
5199
4507
4348
3935
3818
3672
3557
3329
3397
3367
3382
3296
3085
2885
3115
3291
3043
2957
3824
3391
3019
2800
2657
2427
2341
2259
2147
2100
2031
1911
1758
1758
1660
1553
1286
1196
1171
1108
1070
970
790
847
844
721
771
759
705
799
848
799
772
748
736
666
595
653
640
638
685
650
592
545
597
607
612
594
519
554
596
567
534
473
528
489
493
467
482
479
408
403
434
437
428
