IrisF
11
8
5
7
14
15
12
10
17
20
19
25
29
28
28
44
49
56
52
44
62
46
52
65
84
100
123
136
131
138
143
173
220
310
425
563
577
617
655
677
633
700
654
875
887
945
965
1022
1010
979
939
895
850
765
824
816
788
781
730
747
750
700
774
711
717
645
797
865
935
920
988
893
917
921
822
889
979
896
796
768
778
707
661
555
534
507
434
432
586
604
643
538
436
514
391
414
430
374
448
492
504
488
471
390
471
467
486
432
487
541
608
640
563
539
519
490
453
481
570
674
685
733
772
786
831
876
880
1066
971
1033
1008
1051
1132
1248
1321
