IrmaF
30
36
58
53
62
69
81
90
120
134
154
193
194
215
240
247
261
308
319
276
326
304
368
346
360
428
391
409
478
499
547
615
743
830
1015
1310
1353
1340
1332
1375
1393
1376
1167
1160
1268
1231
1298
1170
1098
1074
1083
938
947
818
834
838
748
801
765
746
749
774
770
773
704
682
774
853
849
824
891
917
857
931
949
954
906
1098
956
970
957
842
773
765
685
728
640
576
532
575
489
480
420
470
385
429
371
313
319
352
333
317
318
219
273
211
221
223
256
264
312
285
239
227
230
197
187
172
170
189
164
152
161
156
151
119
129
106
111
97
81
72
63
48
67
