IrvinM
86
88
66
73
86
91
71
55
78
76
82
73
85
88
90
65
79
75
79
73
118
88
91
95
107
87
88
120
104
109
137
164
344
422
491
681
724
734
798
764
774
790
718
817
763
708
675
667
688
646
598
547
518
446
472
474
443
454
414
393
410
392
444
416
381
351
365
396
358
378
371
368
391
333
349
349
355
300
278
273
300
254
261
247
205
222
161
153
159
162
161
150
116
145
122
97
96
94
108
101
106
113
76
103
86
92
85
143
328
267
270
407
352
277
262
294
291
297
274
265
272
282
297
323
307
364
339
316
320
291
219
249
193
148
142
