IrvingM
60
60
61
46
80
78
60
55
89
65
69
75
59
95
102
110
87
98
113
95
115
80
104
125
159
149
170
196
225
202
272
431
815
862
1156
1385
1373
1470
1534
1440
1485
1415
1367
1383
1261
1172
1160
1020
879
754
643
583
509
408
421
353
341
338
322
322
292
317
297
325
266
266
277
320
290
282
300
285
254
243
247
245
219
226
211
175
198
198
169
159
139
111
121
133
122
114
132
103
103
86
68
82
77
72
79
82
91
88
77
82
74
73
85
109
304
222
220
340
255
187
211
165
152
131
127
141
191
159
187
214
183
176
181
179
158
139
139
121
115
129
113
