IsaacM
274
258
278
227
243
204
224
194
221
188
187
160
203
182
170
172
191
175
156
139
198
133
143
138
167
147
163
178
162
209
252
233
359
398
496
568
629
622
658
737
706
648
720
698
704
678
587
692
534
586
550
442
492
479
481
476
423
446
462
461
487
452
449
480
492
459
514
599
534
600
560
553
565
549
582
546
551
521
539
514
470
491
483
470
498
429
431
395
427
515
569
713
807
899
941
1014
1091
1265
1452
1735
1795
1837
1843
1792
1693
1670
1734
1827
1960
2209
2427
2499
2770
3214
3493
3878
4562
5143
5856
6401
7430
8196
8304
8933
9172
9116
9669
10252
10014
9547
9347
9589
10032
10090
9938
