IsabelleF
80
82
81
91
115
105
136
108
153
141
156
130
213
205
184
205
180
215
221
181
224
194
204
213
223
253
278
291
308
326
389
377
520
606
739
942
927
982
886
887
899
846
794
723
759
709
636
570
532
496
438
390
364
330
272
251
225
179
161
151
188
157
176
160
148
131
124
151
124
113
103
121
113
110
98
98
88
109
81
106
98
103
99
88
103
77
73
61
55
57
57
45
59
41
47
53
45
41
37
42
49
48
33
47
61
46
60
92
120
139
172
193
240
278
443
508
726
1163
1590
1953
2340
2943
3063
3109
3098
3280
4039
4102
3566
3304
2895
2662
2498
2748
3063
