IsabellaF
50
50
44
54
76
48
80
58
63
80
91
79
88
109
92
90
88
86
86
94
128
92
84
96
88
105
110
126
112
97
151
129
161
165
187
242
246
237
254
274
252
236
241
228
231
205
187
182
178
155
142
138
129
116
90
93
80
105
100
86
77
96
71
91
76
64
74
83
77
69
55
64
63
63
53
61
64
65
52
49
54
53
48
50
46
39
45
44
22
29
40
40
31
31
29
33
21
24
26
22
37
39
33
31
33
34
60
74
80
140
215
305
508
828
1277
1738
2109
2861
3849
5059
6242
8831
12165
13771
15015
15174
18218
19130
18607
22283
22890
19882
19082
17599
17027
