IsabelF
81
76
72
83
102
102
131
109
144
153
160
150
158
189
241
212
232
210
252
243
286
214
256
257
271
292
317
326
351
356
389
447
556
657
747
943
1000
931
1041
957
992
971
888
855
911
900
745
728
652
671
597
560
514
450
431
424
376
399
350
341
327
334
333
356
309
275
353
378
374
394
362
368
419
480
368
450
402
439
357
391
393
366
393
380
389
326
350
353
382
383
417
436
358
352
381
408
411
391
365
422
494
466
488
430
419
516
482
493
557
613
785
798
1053
1076
1131
1297
1469
2258
2826
3404
3446
3489
3650
3850
3636
3609
4008
3862
3486
2979
2654
2409
2380
2332
2320
