IsaiahM
40
32
37
30
23
29
35
34
31
13
41
22
24
19
36
24
22
24
23
29
32
17
25
23
25
22
23
27
33
36
39
33
59
64
68
92
110
108
133
139
122
107
148
123
138
127
125
117
120
135
120
103
109
105
93
97
105
114
108
84
113
114
101
111
93
116
125
134
141
145
138
133
135
114
134
119
95
120
92
99
98
93
94
63
65
69
71
55
64
57
52
84
82
86
109
135
201
254
283
296
355
420
536
555
605
629
619
820
977
1190
1487
1491
1449
1496
1869
3473
5324
6003
6488
7498
8027
8580
8958
8884
9252
9515
10440
10102
9649
9230
8562
8512
8136
7838
7583
