IsraelM
17
23
22
18
25
22
17
15
23
20
18
18
20
14
12
15
27
11
17
12
20
14
24
14
30
19
19
19
24
27
29
40
75
116
100
137
120
143
162
129
135
142
162
118
105
103
94
99
73
79
101
73
66
74
73
80
80
70
84
75
73
84
65
90
82
82
107
112
123
146
142
171
177
187
162
189
198
180
227
218
232
233
230
223
242
260
292
271
334
358
423
470
486
474
528
530
565
630
590
687
663
594
636
590
589
598
616
614
654
759
792
848
902
912
959
974
1064
1167
1278
1269
1384
1340
1297
1366
1633
1654
1923
1935
1827
1776
1625
1608
1446
1468
1528
