IvanM
28
18
25
29
27
26
34
26
32
47
38
42
54
50
57
49
72
70
80
59
90
60
71
70
73
83
80
96
95
111
109
137
339
316
439
662
723
756
749
702
791
820
748
792
784
756
765
764
758
649
668
646
628
533
612
587
512
547
526
518
542
496
486
547
454
438
477
518
466
457
472
414
497
463
496
560
626
576
613
612
598
669
674
656
607
636
623
610
641
640
677
695
693
570
660
725
662
797
736
802
906
1000
1086
1041
1005
1049
1204
1129
1329
1532
1748
1863
2133
2048
1854
1946
2092
2158
2240
2417
2527
2822
2811
3136
3457
3235
3309
3271
3104
2988
2768
3105
3226
2855
3067
