IvyF
33
38
46
44
47
50
61
56
72
61
66
62
76
83
83
75
78
89
85
67
76
68
76
66
70
75
64
70
67
69
72
87
111
106
128
162
188
154
159
147
142
143
142
102
125
124
121
112
89
79
94
98
80
87
76
71
70
69
74
72
66
69
71
71
61
61
61
119
124
129
159
165
197
204
194
266
322
353
333
317
273
210
205
176
179
198
154
134
194
240
255
214
269
237
264
289
206
251
267
322
282
279
293
291
259
378
370
370
305
278
266
226
286
420
481
614
646
687
728
759
879
836
721
748
803
1044
985
1126
1121
1019
1087
1210
1692
2092
2282
