JackM
204
197
271
242
274
295
299
251
329
322
368
291
401
406
441
479
539
497
633
582
1053
645
743
831
908
907
880
1019
1086
1150
1576
1668
2870
3538
4486
5748
6162
6874
8342
8264
9600
10754
10846
11195
11921
12012
12201
12797
12491
12166
12433
11475
10714
9835
9986
9433
8857
8191
8139
7306
7046
6950
7360
7399
7254
6853
7801
8508
7617
7132
6847
6998
6932
6543
6468
6203
6055
6021
5302
5024
4918
4640
4169
3817
3811
3202
2963
2789
2700
2613
2578
2368
1903
1853
1654
1747
1667
1675
1581
1586
1629
1610
1621
1522
1480
1522
1512
1647
1647
1712
1831
1945
2068
2420
2776
3445
4244
4983
6374
7383
8121
8148
8996
9316
9578
10902
10836
10666
9892
9017
8516
8177
7927
8564
8726
