JacksonM
46
28
49
34
33
29
43
31
36
42
25
31
32
28
32
32
32
42
26
31
60
24
40
34
49
36
33
52
38
38
51
46
91
107
149
175
177
206
216
235
233
246
225
269
229
249
231
199
244
202
216
188
167
155
175
169
167
159
157
161
167
176
196
205
177
168
177
187
178
158
165
161
162
131
117
128
120
130
121
118
117
93
105
112
102
108
82
96
110
87
109
109
114
135
132
142
178
203
212
260
283
299
272
272
265
289
291
341
389
494
791
1176
1362
1537
1934
2161
2643
3126
3859
4994
5903
6833
8152
8711
8976
9578
10889
11658
11630
12111
11812
12388
12468
12568
12183
