JacobM
404
381
390
356
381
343
346
317
353
295
290
238
283
292
292
266
241
204
256
189
233
172
207
189
243
220
187
243
235
262
273
323
691
744
997
1122
1132
1122
1199
1082
1049
1094
1027
975
970
901
810
855
717
647
622
572
557
538
546
476
501
536
487
427
514
466
524
476
438
416
457
521
550
490
466
501
562
595
561
575
536
541
508
558
490
510
475
490
526
488
456
453
553
658
918
1056
1684
2131
2957
3627
4516
5798
6162
7547
8526
9345
10054
10997
11343
12269
13642
14313
15868
17829
22005
25189
25659
27477
29409
31124
31918
34145
36007
35346
34467
32531
30558
29620
27873
25822
24832
24259
22574
21154
22095
20349
19045
18110
16812
