JacquelineF
7
0
8
5
0
7
5
14
9
20
19
18
15
23
29
24
45
57
50
56
53
89
133
132
183
176
237
286
396
540
757
1021
1402
1771
1991
2245
2446
2738
2970
3413
3137
2873
2756
3036
3117
3361
3395
3633
3389
3219
3387
3831
4187
3974
3988
5084
6009
5838
6040
6453
6912
6943
7129
6515
6042
6070
5288
4788
4323
5650
10984
9832
8549
11974
9414
8356
6951
6740
5924
5579
4786
3801
3500
3576
3313
2947
3146
3577
3741
3878
4334
5493
5402
5547
5244
5037
5625
5545
5445
5237
4985
4692
4515
5184
4790
4863
4276
3500
3901
5035
4298
3751
3399
3064
2849
2857
2620
2263
1967
1806
1559
1319
1325
1306
