JakeM
96
92
97
96
92
100
95
90
107
107
72
78
116
66
86
91
88
102
117
76
121
79
102
93
78
92
83
117
115
109
148
110
187
227
274
355
362
299
377
334
362
359
333
330
306
306
265
273
242
247
220
214
206
199
190
179
195
172
183
184
177
190
198
159
172
167
193
188
175
185
192
178
176
163
171
141
137
153
162
147
157
165
147
155
134
144
121
105
126
141
154
179
267
317
312
334
428
443
448
495
567
593
667
772
743
1067
1552
1635
1707
1964
2221
2770
2928
3197
3465
3507
3446
3838
3785
3932
4086
3837
3790
4401
4469
4152
4026
3879
3791
3381
3433
3102
2673
2442
2160
