JamesM
5927
5441
5892
5223
5693
5175
5355
4768
5562
5020
5097
4516
5398
5029
5110
5335
5207
5113
5321
4598
7245
4735
5592
5480
5855
6042
5908
6707
7012
7594
9195
9951
17644
20831
26263
33777
35568
37339
42121
42388
47915
49749
49814
50466
52939
52683
53208
53663
52747
52121
53946
51201
51919
51101
54239
54991
54674
56552
59093
59630
62473
66721
77178
80252
76950
74449
87423
94763
88588
86850
86266
87198
87076
86000
86267
84133
84858
84257
78723
78599
76863
75907
72571
71331
73052
67715
65188
61694
60730
59935
61784
54611
47088
42892
41363
39595
38310
40057
39912
39370
39312
38306
38867
36341
35845
35843
34029
32631
32493
32695
32344
30502
28502
26249
24764
22727
21155
20399
19683
18550
17978
17066
16953
16889
16456
16121
16228
15948
15158
14181
13861
13236
13393
13527
14383
