JamieF
5
0
0
5
5
0
12
11
10
9
9
10
8
9
11
14
20
20
15
9
11
23
16
15
15
27
16
15
34
36
33
59
55
45
64
73
64
60
63
71
54
58
77
56
59
47
56
68
68
49
52
49
49
58
72
62
74
81
120
154
122
226
337
327
386
401
467
546
691
897
987
1146
1030
1276
1309
1822
2203
2339
2788
2550
2315
2747
2657
2513
2690
2901
3200
3054
2814
2952
3022
4233
12539
12901
10982
12156
11523
10979
11039
11030
9763
11037
9234
7915
7182
6847
6509
5780
4703
4255
3981
3769
3600
3241
3064
2538
2155
1945
1967
1924
1724
1599
1411
1392
1306
1060
841
713
713
607
635
