JaneF
215
216
254
247
295
330
306
288
446
374
372
379
396
354
390
394
413
396
406
382
495
325
388
381
395
393
438
526
531
627
709
937
1390
1759
2340
3264
3826
4258
4731
4526
5055
5186
4803
4919
5104
4880
4641
4698
4409
4353
4573
4535
4345
4377
4357
4645
4720
4701
4787
4770
5090
5088
5708
6028
6565
7640
8970
9941
8781
8718
8967
8934
9323
8903
8352
8334
8246
7784
7192
6871
6584
6361
6116
5765
4568
3930
3215
2728
2195
1880
1599
1304
1161
960
828
783
698
743
699
718
773
763
841
782
725
709
667
667
720
780
771
708
651
687
706
618
638
648
638
618
647
671
696
704
657
650
664
774
826
831
833
867
927
898
1025
