JanetF
28
29
35
44
40
46
56
58
68
57
76
84
78
72
89
92
102
103
122
80
108
108
115
119
128
154
139
197
231
242
296
386
553
713
883
1173
1449
1585
1812
1864
2057
2123
2004
2221
2295
2428
2468
2543
2784
3052
4601
4947
5787
7341
8068
7856
8082
9363
9868
10114
10104
11137
13061
13316
12590
12325
14141
15235
13978
14857
16196
16950
17926
17761
18460
17917
16765
15747
14815
14963
14251
13927
12253
10663
9256
7655
6432
5657
4833
4384
4157
3395
2955
2521
2180
1951
1878
1944
1731
1745
1610
1568
1498
1396
1267
1242
1236
1312
1180
1208
1281
1186
1196
1069
1007
928
826
757
759
646
686
696
629
564
672
512
523
449
415
353
297
268
212
189
167
