JaniceF
5
0
0
0
0
13
37
34
43
35
36
42
51
40
59
78
89
117
142
157
225
286
373
455
510
589
670
732
745
787
1175
1510
1468
1469
1566
1689
1930
2287
2628
3062
3587
4445
6148
7766
8711
8779
9315
10060
10282
10654
9731
10781
14036
15408
14160
14450
15019
15945
14987
14611
13513
13169
13015
11966
10883
10490
9620
8720
7818
7073
6164
5030
4345
3515
3045
2633
2333
2144
1714
1476
1322
1311
1155
1143
1162
1079
1004
890
881
772
756
687
658
669
631
546
513
485
463
450
420
362
338
311
311
298
310
272
325
244
284
238
260
286
254
331
236
191
192
185
177
