JanieF
96
113
134
135
122
155
149
155
206
226
220
204
242
211
246
220
223
247
235
224
330
278
262
260
272
306
265
295
284
301
377
317
416
471
472
571
649
634
656
751
764
708
685
698
751
742
663
729
708
705
707
695
705
710
772
743
755
707
776
759
811
795
950
1065
1162
1470
1704
1843
1578
1739
1729
1708
1571
1579
1491
1484
1410
1301
1215
1128
1084
1050
950
941
752
620
595
554
490
499
475
454
441
389
354
351
360
353
303
330
316
338
335
309
306
299
297
268
317
294
323
321
304
270
285
248
231
238
210
207
208
214
237
194
222
226
186
170
200
203
154
137
163
148
165
