JasonM
20
22
20
13
25
16
21
14
21
18
12
15
16
8
24
23
9
12
18
5
15
10
14
13
11
12
15
9
10
15
24
25
42
44
59
78
83
92
102
81
76
97
96
101
105
110
101
97
87
120
105
83
95
81
91
83
97
81
92
71
95
81
118
137
115
120
118
135
180
219
205
193
218
275
307
398
439
439
592
727
939
1065
1306
1507
2115
2899
3774
5336
7156
16504
27295
34193
37446
46689
54778
52196
52687
55653
51619
50398
48173
41928
40612
35106
29941
26034
22390
19340
15893
12599
10680
9379
9240
8633
8547
9001
8695
8745
9394
9362
9771
10162
9953
9818
9057
8609
8440
8109
7649
6914
6265
5834
5734
5492
5539
