JasperM
98
83
88
74
83
87
88
65
78
76
95
58
70
72
61
71
90
83
60
65
97
58
67
57
52
80
56
87
78
83
82
114
178
248
306
332
358
377
391
423
388
390
423
403
395
386
390
346
336
306
286
252
262
231
246
212
237
218
200
222
221
208
241
252
184
190
200
204
225
193
208
211
206
186
211
185
181
167
188
174
179
153
159
142
140
120
107
125
94
116
99
108
105
102
102
118
118
135
144
153
164
194
154
174
144
177
170
204
246
230
269
251
243
225
207
238
252
274
301
281
334
390
478
465
391
451
442
585
626
944
1181
1248
1347
1460
1742
