JayM
103
96
80
97
110
91
107
106
122
104
108
99
111
105
96
91
78
82
85
63
107
96
89
82
95
92
87
91
89
98
120
126
318
349
379
537
640
643
706
637
666
828
780
830
853
790
827
870
768
842
891
867
935
946
933
1067
1103
1145
1181
1146
1294
1415
1600
1676
1554
1759
2198
2437
2271
2457
2582
2637
3023
3236
3368
3399
4119
4632
5018
4938
5383
5118
5160
4723
4571
3945
3600
3616
3434
3190
3422
2867
2446
2218
2366
2180
2105
2095
2149
2150
1987
1783
1671
1540
1549
1518
1479
1486
1362
1440
1397
1266
1219
1102
1101
1011
942
946
833
854
866
887
823
809
818
848
867
749
758
713
681
711
764
760
840
