JeanneF
12
11
12
12
18
13
22
17
19
24
30
37
28
45
43
51
49
67
58
72
76
63
77
87
109
122
119
156
154
202
220
266
347
449
612
828
1050
1212
1846
1817
2279
2590
2917
3040
3150
3223
3061
3160
2878
2818
2720
2524
2130
1824
1762
1663
1533
1496
1552
1551
1927
2060
2287
2424
2495
2859
4044
4364
3788
3865
3737
3767
3828
3852
3765
3732
3907
3948
3609
3517
3509
3327
3014
2806
2466
2149
1864
1612
1425
1375
1583
1270
943
845
825
702
557
555
487
432
419
431
412
325
300
289
232
217
211
207
195
176
122
106
108
102
100
105
96
66
75
57
72
59
68
53
48
42
47
45
40
39
42
35
34
