JeanetteF
55
36
64
63
73
76
83
85
126
106
129
101
129
142
152
167
172
158
191
162
233
161
198
198
221
243
269
294
304
317
382
444
623
734
977
1273
1522
1638
1774
1767
2043
2096
2005
2029
2065
1920
1870
1970
1944
1840
2434
2235
2289
2222
2293
2290
2552
2741
2803
2892
2727
2596
2686
2555
2256
2051
2411
2600
2329
2510
2412
2545
2579
2608
2489
2375
2336
2299
2096
2243
2650
2556
2612
2568
2379
2068
1964
1852
1752
1686
1723
1678
1494
1362
1325
1160
1130
1065
1027
1007
1026
1088
939
915
873
934
1111
1065
975
1015
989
1052
846
679
558
478
453
389
309
295
292
275
222
220
189
167
173
129
140
126
120
117
106
106
102
