JeannetteF
34
43
60
53
63
81
75
95
109
92
99
98
122
139
133
150
135
144
144
125
170
167
174
161
212
205
216
235
260
311
347
373
487
570
699
903
1082
1113
1077
1068
1060
1093
1028
1081
1032
1050
919
911
888
930
987
974
1080
860
919
949
954
1012
1044
1019
1038
948
1055
1037
931
787
966
994
957
917
882
856
899
911
852
876
903
862
885
938
937
879
908
799
731
696
644
653
630
681
715
716
574
538
542
429
406
460
407
410
474
415
415
327
282
368
425
343
346
311
266
308
215
193
150
146
103
95
92
82
62
70
67
57
55
61
52
48
36
39
42
40
48
36
30
