JeanF
59
44
60
83
103
99
124
112
145
171
160
181
194
215
242
232
255
258
341
318
473
329
408
462
483
548
666
770
852
940
1246
1380
2056
2544
3281
4603
5081
5692
6600
6799
7714
8593
9108
9511
10723
11597
12168
12510
12206
11865
11984
11013
10667
9967
9715
8851
8535
8393
7763
7288
8066
7838
8254
8098
7649
7427
8555
8942
7774
7761
7434
7624
7512
7567
7662
7482
7176
7045
6521
6236
5640
5367
4879
4481
4100
3364
2918
2549
2079
1907
2110
1776
1300
1111
960
886
811
765
654
658
681
605
602
524
518
463
401
380
329
348
265
274
211
214
189
158
140
137
151
109
118
112
86
89
77
80
72
86
60
46
69
58
59
63
76
