JeanM
12
9
12
19
25
17
11
21
14
12
15
17
19
15
19
19
27
20
21
13
22
31
22
22
26
22
28
40
31
23
44
44
90
100
113
162
162
187
225
224
277
291
289
307
335
303
298
263
327
288
288
287
240
204
178
195
179
156
166
157
151
152
158
163
172
156
151
155
150
164
165
140
147
122
159
152
169
167
146
152
144
156
136
150
165
199
200
207
231
235
273
295
227
226
229
193
219
180
182
206
215
237
271
278
268
250
259
282
289
261
356
306
363
428
296
291
240
249
190
246
291
286
261
267
294
242
299
241
222
210
272
209
190
185
184
