JeffersonM
43
31
34
32
39
38
34
32
33
39
39
40
40
25
30
28
23
17
38
11
24
27
24
20
21
22
25
32
25
24
25
47
64
92
105
150
109
152
149
146
154
162
160
159
177
143
142
129
109
94
100
107
119
86
105
101
67
73
61
88
102
104
101
98
119
105
122
138
124
132
147
161
153
154
177
197
159
160
192
233
173
223
214
178
205
171
186
208
214
246
278
267
233
286
234
177
194
161
164
176
175
180
158
139
159
169
153
145
170
186
206
224
209
266
225
241
236
236
227
287
243
225
253
249
310
348
359
417
418
444
363
325
393
414
437
