JeffM
66
61
81
44
74
63
63
70
93
70
77
77
62
87
64
65
62
59
60
48
69
45
47
46
71
62
59
73
65
68
83
76
134
143
165
183
186
180
198
184
207
164
206
207
186
189
159
192
178
174
177
154
157
143
122
137
128
153
186
163
278
361
423
481
472
540
764
1009
886
696
540
568
659
848
978
1473
2220
4093
5819
7725
8507
9459
9426
8098
6937
5416
4393
3593
3281
2977
2883
2156
1542
1183
976
884
748
703
645
550
541
434
423
390
364
373
342
304
322
284
249
254
221
209
213
154
156
133
135
165
164
171
161
156
162
130
140
161
142
128
113
90
78
79
97
