JeffreyM
5
0
0
0
0
0
0
0
0
0
0
0
0
0
0
0
0
0
0
0
0
0
0
0
0
7
6
12
13
11
21
21
19
16
22
22
19
30
27
31
26
27
26
36
19
34
17
37
36
47
43
69
87
157
378
801
1502
2058
2171
2328
2782
4125
5662
5930
6985
7651
9715
12016
15917
19042
22507
23265
23954
24208
26269
28836
32022
33525
31721
30740
29594
30202
28098
28379
28988
30154
25851
21687
19224
19331
18329
17026
17487
17001
16875
16383
15931
16038
15650
14760
14497
13645
13476
12392
12009
10979
9894
8470
7536
6526
5729
5263
4583
4187
3814
3563
3207
2999
2883
2721
2424
2266
2125
1995
1717
1618
1436
1504
1402
1373
