JennieF
793
784
934
904
1063
1045
1100
1047
1298
1252
1259
1238
1212
1273
1210
1177
1178
1074
1194
1061
1204
898
985
936
964
981
986
998
1038
998
1183
1161
1595
1809
2225
3015
3010
3109
3033
2928
2808
2888
2671
2541
2495
2263
2012
1849
1643
1416
1352
1287
1191
1000
944
846
798
707
680
682
661
712
728
703
652
634
716
730
714
763
736
743
794
765
782
712
695
787
827
745
807
683
688
673
601
562
534
441
506
483
601
815
864
775
691
707
802
842
843
815
874
828
835
714
665
585
578
465
470
449
394
372
352
322
299
264
243
217
177
196
181
166
143
133
128
120
111
89
90
88
73
63
60
62
61
