JennyF
13
15
16
11
17
17
16
18
24
20
17
17
27
24
25
23
29
23
25
27
39
26
24
29
16
18
35
45
35
39
41
41
72
80
84
106
136
131
142
146
188
178
174
189
212
201
211
222
185
203
236
222
199
219
156
186
173
176
196
173
239
246
273
293
296
302
396
534
465
536
568
660
778
754
828
758
760
1119
1204
1274
1352
1250
1395
1302
1146
986
858
768
857
1039
1410
2238
2635
2067
2129
2061
2427
2687
2619
2628
2645
2401
2455
2248
2137
1808
1630
1700
1401
1289
1338
1262
1140
1019
982
979
1012
874
777
758
826
810
840
709
685
611
666
616
511
406
350
361
308
335
335
