JeremiahM
37
34
33
37
38
40
40
38
34
42
35
32
33
29
28
28
43
31
30
24
43
21
29
24
35
27
22
22
23
25
35
37
57
79
83
76
109
104
105
121
129
129
128
124
125
128
115
137
112
115
126
114
122
111
122
112
108
109
110
104
119
121
130
121
100
118
117
130
140
163
163
150
175
143
171
166
162
185
150
155
150
128
128
139
122
102
129
128
131
159
217
322
343
765
1295
1653
2874
4151
3442
3719
4096
3894
3329
2846
2774
2536
2380
2136
2190
2145
2006
2094
1938
1910
2081
2054
2103
2928
3221
3303
3642
4219
4715
4848
5375
5839
6538
6615
6575
7214
7720
7585
7458
6933
6829
