JeromeM
52
38
43
36
37
53
50
34
35
48
64
41
45
50
43
58
76
60
50
64
85
68
68
93
102
87
102
99
127
141
196
212
486
554
737
907
985
1073
1146
1109
1285
1408
1423
1488
1574
1563
1614
1686
1750
1663
1769
1748
1668
1692
1772
2009
1966
1978
2208
2152
2177
2155
2339
2307
1954
1841
2286
2691
2587
2771
2824
2989
3057
3082
3103
3083
3061
2997
2817
2683
2675
2630
2770
2666
2321
2141
1946
1796
1685
1673
1724
1710
1547
1447
1417
1438
1412
1365
1371
1360
1383
1364
1308
1232
1179
1210
1166
1180
1125
1034
1018
915
899
802
728
642
599
534
578
513
461
470
472
410
414
429
429
416
400
357
306
305
336
294
282
