JerryM
136
97
105
107
121
115
125
98
92
110
103
107
117
118
127
102
94
118
143
111
205
116
148
112
177
177
146
165
198
192
251
238
405
493
649
801
885
862
986
916
1043
1114
1197
1276
1469
1626
1930
2218
2590
2988
3891
4370
5301
6066
7131
8448
9270
10299
12169
13731
15200
16805
17478
17728
16277
14699
17561
18787
16809
15865
15271
15149
14446
13904
13650
12972
12614
13269
12917
12315
11838
11374
10579
10195
9617
9022
8425
7779
7453
7292
7425
6573
5600
5099
4663
4314
4070
3749
3430
3443
3191
3055
2941
2756
2456
2422
2267
2234
2261
2165
2184
1999
1769
1727
1613
1514
1607
1457
1397
1299
1246
1251
1038
1086
1086
1040
1008
991
1045
818
747
722
615
634
653
