JessicaF
7
7
8
6
14
6
11
8
18
9
18
14
14
15
10
19
9
9
13
14
23
8
9
16
16
17
18
17
17
18
28
21
36
25
42
55
53
55
56
40
43
48
40
52
41
34
35
39
36
42
38
39
44
43
46
47
43
72
50
77
61
81
127
121
124
132
240
430
482
406
402
466
452
495
424
386
406
476
529
523
560
669
867
1121
1172
1529
1665
1761
1841
2492
4023
5360
6208
7226
10653
12930
18370
24843
26105
27777
33921
42527
45445
45278
45851
48343
52667
55990
51532
47885
46470
43394
38352
34987
32117
27935
24192
21043
18233
16346
15705
13917
11913
10445
9469
8108
6809
5704
4732
3793
3195
2620
2327
1946
1790
