JessieM
154
143
192
151
177
202
181
182
254
207
241
227
251
214
255
245
229
234
267
261
397
231
323
280
313
338
323
386
355
432
516
500
692
758
949
1240
1269
1360
1412
1473
1590
1517
1592
1482
1460
1468
1480
1462
1417
1327
1329
1267
1282
1079
1090
1103
1012
1041
970
1058
1019
1037
1003
1099
1031
942
1018
1048
1094
1023
1019
988
1035
1067
992
964
1050
1064
1017
960
935
949
938
905
907
875
903
798
716
773
729
759
755
754
749
772
822
933
895
1023
1097
1251
1330
1161
1096
1131
1117
1162
1082
1133
1255
1176
1048
1082
984
903
874
753
642
581
533
593
652
627
570
590
546
533
488
459
406
332
338
322
281
