JessM
103
85
122
112
124
119
140
124
132
121
114
87
108
107
104
102
87
110
108
86
128
85
86
81
102
85
67
88
88
87
103
106
171
180
258
577
485
352
387
355
333
338
248
275
262
268
239
268
198
224
208
156
195
177
166
167
158
156
151
165
170
163
190
190
180
167
220
261
222
235
193
232
249
239
244
266
270
270
255
227
288
299
293
287
222
183
200
185
167
190
190
233
242
283
309
284
277
311
347
306
292
277
337
306
261
262
241
216
199
174
214
183
146
149
150
136
144
115
91
96
77
82
70
65
82
79
60
66
55
45
32
37
33
28
32
