JessieF
635
661
806
833
888
952
1003
1012
1200
1196
1250
1119
1246
1216
1120
1300
1103
1191
1244
1081
1422
1116
1240
1202
1197
1315
1247
1314
1382
1321
1541
1550
2052
2475
2861
3356
3414
3465
3591
3528
3330
3226
3181
2996
3147
2950
2921
2856
2423
2257
2196
1929
1896
1807
1793
1618
1587
1548
1476
1396
1334
1356
1391
1313
1216
1107
1173
1157
1070
1031
937
940
878
899
763
744
683
632
591
584
510
469
446
401
411
473
476
373
319
325
335
359
317
352
358
392
448
486
643
720
812
1210
1144
888
992
1112
1276
1221
1160
1148
1116
1116
1096
1108
1255
1138
979
846
744
739
719
610
675
618
607
507
529
495
493
421
419
407
447
479
506
