JesseM
569
536
660
584
670
556
614
601
637
576
576
519
602
541
567
577
586
529
476
423
536
411
437
388
443
443
436
466
482
517
590
596
1106
1214
1457
2111
2230
2200
2432
2357
2419
2487
2396
2386
2290
2375
2296
2319
2171
2030
2036
1896
1863
1803
1852
1866
1827
1867
1908
2008
2206
2189
2394
2425
2308
2188
2465
2752
2704
2703
2609
2670
2722
2822
2758
2779
2621
2736
2486
2431
2379
2303
2275
2230
2189
2212
2315
2184
2152
2379
2771
3003
3230
3448
4105
4435
5304
5822
6108
6684
8383
10448
9504
8467
7607
8216
8538
7978
7906
8850
8980
8365
8558
8261
8681
7490
7075
5915
5439
5000
4481
4218
4429
4596
4758
4742
4362
4124
3946
3670
3269
2960
2692
2550
2438
