JesusM
18
8
14
12
11
14
12
15
20
9
9
5
11
11
13
17
21
15
20
20
49
27
21
20
44
59
44
54
67
68
73
79
146
145
194
242
271
289
362
439
528
517
561
606
662
722
713
728
774
766
752
630
635
514
536
499
471
509
473
459
463
449
534
560
559
663
700
754
846
782
784
815
810
840
789
846
821
859
864
922
914
972
1042
996
1075
1018
1108
1141
1229
1403
1485
1583
1614
1735
1943
1923
2039
2045
2074
2362
2695
2754
2621
2507
2514
2681
2599
2786
2924
3290
4127
4598
4817
4680
4916
4905
5114
5162
5216
5565
5678
6424
6366
6159
6463
6375
6455
6217
5754
5384
4451
4158
3779
3665
3514
