JewelF
5
6
10
9
6
9
20
23
17
27
33
31
39
42
74
61
58
87
130
105
162
161
153
197
229
201
227
250
244
252
318
327
416
392
515
652
726
642
747
778
826
784
810
729
823
812
787
775
744
690
688
546
562
508
494
477
423
414
368
392
322
404
421
398
364
358
325
398
349
302
296
292
306
261
278
265
266
238
230
233
226
233
193
211
225
187
157
130
146
114
119
111
128
107
103
86
98
99
87
106
110
130
124
125
106
109
120
143
123
157
147
179
159
144
145
154
168
330
490
453
419
417
370
351
337
309
318
364
308
286
279
274
331
282
314
