JimM
345
323
396
322
346
370
389
339
362
328
336
288
334
255
287
279
281
252
269
261
399
239
300
257
266
236
261
281
220
259
331
245
401
473
513
668
684
774
827
848
838
879
881
868
991
1124
1166
1293
1233
1291
1463
1524
1763
1876
2206
2245
2266
2348
2498
2636
2713
2843
3515
3677
3747
3622
4337
4639
3806
2725
1928
1594
1526
1536
1592
1701
2189
3543
4916
5683
5553
5347
4711
4235
3647
2772
2199
1808
1504
1426
1258
935
709
587
542
441
419
408
359
370
303
320
313
278
255
207
222
240
215
193
217
183
194
167
170
158
157
130
123
104
119
105
117
101
102
92
97
79
88
61
64
61
57
60
63
