JimmyM
7
7
0
0
0
5
5
11
12
9
9
15
12
14
10
17
14
42
18
18
26
28
25
43
29
33
40
51
45
79
94
103
136
172
177
198
239
324
361
381
439
529
708
884
993
1228
1485
1800
2129
2460
2927
3697
4174
4208
4516
4729
4751
4964
5331
5947
6443
6322
6155
7128
7874
6922
6418
5761
5687
5318
5297
5335
5021
5341
5664
5598
5835
5816
5741
5518
5041
4914
4531
4236
4023
3809
3762
3655
3316
2931
2734
2567
2358
2498
2638
2170
2234
2206
2098
2090
2087
2069
1866
1819
1810
1730
1744
1786
1729
1557
1528
1373
1355
1361
1228
1088
1097
1189
1105
1169
1125
1133
1085
986
959
881
821
770
665
586
571
533
