JimmieM
24
20
20
26
26
25
37
33
32
30
34
40
38
46
44
65
46
49
64
61
118
99
123
128
124
136
139
160
160
185
259
243
366
452
530
611
667
713
874
1021
1023
1051
1118
1160
1316
1484
1610
1716
1928
1951
2255
2286
2474
2491
2838
2831
2735
2681
2693
2524
2406
2472
2539
2629
2400
2292
2564
2600
2362
2090
1900
1810
1642
1626
1616
1393
1469
1465
1316
1283
1307
1224
1069
1119
1053
948
923
866
839
827
819
771
666
625
581
581
507
488
484
431
484
399
391
384
330
341
320
317
327
311
332
310
261
228
235
194
206
193
165
175
160
154
111
143
128
100
127
111
112
104
110
90
91
93
80
