JoF
5
0
9
7
11
14
5
7
11
7
15
13
9
15
11
20
16
17
17
24
19
25
29
26
34
34
33
46
41
40
41
68
89
103
128
152
145
199
227
231
259
302
385
534
635
815
973
1169
1593
1871
2085
2389
2541
3258
3295
3291
3226
3172
3524
3427
3757
4175
4298
4226
4223
5827
6726
5984
5804
5674
5993
7100
7518
8055
7663
6953
5723
5224
4056
3373
2796
2447
2191
2051
1852
1590
1409
1324
1166
1101
911
722
665
586
521
417
365
323
306
349
340
267
207
210
171
109
133
111
89
85
73
70
60
64
58
44
57
52
45
23
28
30
29
18
17
23
18
17
18
6
14
18
15
18
