JoannaF
26
21
15
33
24
40
35
32
37
27
33
36
42
36
44
29
37
50
42
40
37
31
26
45
37
41
40
32
54
48
49
59
73
94
81
147
168
170
180
165
167
160
185
199
208
236
281
238
285
273
359
331
337
367
480
424
361
438
427
390
414
417
503
514
453
427
498
509
515
464
478
443
408
411
471
455
483
582
665
752
820
865
834
887
877
909
890
856
1036
1215
1329
1371
1424
1662
1774
1696
1718
1563
1348
1389
1725
1825
1835
2120
3326
2771
2222
2054
2204
2115
2231
1950
1822
1637
1623
1595
1404
1409
1281
1324
1350
1554
1333
1302
1276
1166
1288
1390
1193
1104
1064
972
967
944
1015
