JoannF
6
0
5
5
0
0
0
0
6
10
6
11
10
8
5
13
9
16
15
20
28
23
31
58
65
72
90
113
93
144
152
206
257
386
470
622
783
1003
1550
2131
2653
3116
3209
4146
3915
3885
3938
3708
3993
3791
4275
4503
4463
3973
3464
3944
4275
3800
3522
3602
3420
3263
3169
3064
2932
2998
3055
3696
3459
3410
3346
3110
2655
2734
2396
2116
1794
1676
1635
1556
1380
1102
1040
1058
936
801
726
587
635
600
506
509
447
450
399
369
355
331
310
312
279
228
219
197
184
170
172
164
132
140
131
117
125
116
98
96
102
87
97
73
73
55
68
71
