JoanneF
5
0
0
0
0
6
0
5
0
0
0
0
0
0
8
9
8
14
0
19
19
16
28
24
35
52
55
84
118
114
171
144
208
233
248
342
475
636
944
1158
1650
2497
3153
3756
3731
3719
4543
4563
4305
4333
4250
4223
4419
4664
5342
5269
4529
4617
5503
6063
5497
5746
5493
5358
5352
5884
5429
4986
4672
5105
5925
5340
4875
4612
4014
3856
3572
3149
2724
2336
2129
2082
1952
1652
1345
1299
1254
1133
947
915
732
759
701
676
632
563
510
526
459
466
430
462
418
398
327
338
286
274
263
247
236
211
226
187
174
176
184
147
140
148
129
110
103
93
102
95
113
