JoanF
12
6
11
6
11
9
16
15
14
21
18
14
32
22
21
28
31
33
40
28
57
52
65
63
73
105
94
109
104
142
196
233
317
412
578
784
823
1048
1384
1248
1647
1791
2010
2307
3022
4028
4995
6031
7857
11664
15477
19115
21047
19289
19464
18222
17067
15297
14301
14140
13287
13380
14513
13228
11922
10396
11219
11272
9272
9204
8866
9401
10274
9773
9518
8552
8078
7584
6780
6337
5879
5547
4883
4560
4147
3284
2725
2306
1784
1567
1307
1022
729
578
579
551
461
432
421
401
421
403
361
348
326
316
285
279
280
280
270
256
251
215
172
161
135
144
129
125
163
141
111
104
94
105
80
67
68
70
61
63
79
72
75
