JoeM
731
639
739
607
759
681
759
685
789
708
682
584
819
721
741
763
767
798
827
780
1179
756
955
895
959
1024
1020
1177
1209
1292
1553
1449
2515
2806
3712
4648
4911
5143
5803
5710
6070
6204
6091
6005
6046
6106
6339
6538
6678
6597
6874
6444
6698
6411
7084
7553
8022
7742
7437
7192
7221
7146
7385
7306
7057
6626
7536
7898
7290
6528
6037
5827
5890
5798
5860
5854
6124
6763
7063
7389
7312
7056
6782
6384
5812
4838
4332
3717
3528
3622
3572
3152
2823
2521
2346
2238
2170
2122
2036
1964
1988
1861
1871
1614
1592
1592
1537
1488
1472
1492
1459
1464
1392
1254
1204
1075
1055
1012
1005
967
917
958
917
898
819
795
807
731
722
605
592
532
491
473
488
