JoelM
41
57
54
51
56
56
49
48
48
37
37
31
39
52
44
37
37
31
48
37
35
34
38
32
43
48
49
54
45
50
55
59
129
167
200
272
282
308
348
358
346
395
368
349
376
379
379
392
415
420
455
477
624
666
815
919
1060
1116
1259
1296
1278
1338
1595
1745
1714
1599
1998
2144
2024
1987
2046
2159
2231
2299
2593
2800
3438
3598
3221
3461
3711
3512
3304
3235
3139
2860
3229
3478
3685
3681
3843
3499
3530
3572
3494
3732
3725
3823
3810
4212
4569
4541
4442
4346
4522
4624
4505
4135
3935
3938
3998
3759
3662
3557
3366
3101
3003
2988
3170
3185
3377
3165
3184
3243
3232
3270
3452
3419
3736
3557
3058
3050
2770
2720
2656
