JohannaF
64
58
74
85
73
87
105
86
118
114
108
122
141
155
127
151
157
123
161
128
144
119
114
91
125
102
108
116
103
102
141
121
188
196
256
319
366
354
307
294
297
332
272
260
300
267
228
242
207
229
243
201
245
206
281
278
250
268
261
293
269
283
320
289
278
225
272
317
273
263
244
240
267
271
227
265
291
273
275
278
310
375
355
395
377
375
328
300
299
406
412
454
410
494
570
541
620
608
520
545
865
880
795
778
918
904
804
768
742
706
699
690
662
590
574
582
587
612
510
538
594
676
612
544
585
776
857
785
700
652
696
561
638
560
569
