JohnnieM
24
45
59
48
46
71
67
59
82
71
90
79
107
95
124
120
116
125
153
151
313
162
221
237
267
297
255
307
321
401
502
455
709
717
929
1168
1306
1403
1521
1715
1727
1625
1646
1655
1738
1745
1731
1798
1868
1761
1785
1593
1601
1461
1504
1511
1490
1477
1456
1455
1445
1516
1557
1655
1617
1599
1726
1794
1781
1730
1591
1625
1518
1404
1439
1406
1316
1291
1272
1175
1131
1054
1021
1016
926
891
851
743
738
777
765
783
691
629
564
524
527
515
466
455
445
473
456
366
327
329
331
336
292
347
328
293
269
264
216
258
201
197
160
179
160
159
147
142
138
146
131
151
139
119
105
133
107
115
117
