JohnnyM
20
13
16
14
15
21
23
31
21
20
23
31
33
21
29
35
38
31
39
36
72
48
70
59
77
83
84
97
107
117
167
147
217
263
332
417
458
531
644
660
768
824
864
973
1048
1166
1289
1351
1528
1532
1820
1718
2014
2051
2336
2532
2731
2824
3196
3372
3996
3984
4583
5379
5660
5701
6607
7442
6856
6971
6585
6697
6777
6703
6596
6620
6636
6496
6322
6304
6180
5901
5779
5420
5062
4684
4365
4168
4054
4216
4443
3939
3567
3266
3169
2971
2875
2803
2560
2447
2640
2555
2489
2364
2268
2210
2205
2199
2266
2297
2480
2246
2095
1964
1947
1684
1611
1462
1478
1489
1459
1533
1434
1365
1314
1392
1455
1503
1474
1340
1292
1247
1232
1321
1180
