JohnM
9655
8769
9557
8894
9388
8756
9026
8110
9247
8548
8502
7680
9039
8049
8238
8320
8139
7550
8159
6990
9829
6899
7907
7608
8108
8060
8264
8983
9342
9591
11450
13445
24587
29329
37948
47577
50046
51853
56557
53530
56914
58225
57275
57476
59055
57195
56114
55949
53746
52113
52433
48403
48603
46224
46733
47489
47665
48745
50507
51021
54766
57510
66023
68926
66610
66122
79256
88325
82836
81152
79447
81529
83107
80123
81140
80019
80763
78985
75990
76425
76124
79910
78450
78645
82541
71563
65064
61633
60934
58789
58538
51520
43185
39180
37655
35102
33995
34236
34032
35436
35271
34880
34690
33146
32599
31491
30190
29535
29394
29838
29066
27798
26241
24989
24175
23232
22169
21372
20615
20341
20084
18879
17442
17222
16439
15760
15153
14424
13310
12103
11543
11027
10607
10687
10659
