JonathanM
18
21
27
17
21
30
19
10
17
12
16
12
13
9
16
10
18
15
13
8
11
9
22
19
14
14
12
11
12
15
19
24
48
53
77
83
100
96
83
77
112
122
117
98
97
114
106
108
116
92
103
117
118
127
132
167
171
197
234
296
277
359
553
574
640
882
1102
1196
1284
1432
1539
1774
2063
2338
2739
3019
3122
3044
3086
3086
3353
3480
4265
4474
4642
4731
4673
4920
5813
7086
8205
8641
9223
10274
10237
10918
11319
12327
12521
14331
18992
22597
23124
22744
23327
24120
23960
23099
24345
23598
24064
22971
21402
19944
19059
18151
18590
18534
17645
17056
16879
16137
15508
14981
14357
14431
14367
13785
12879
11366
11113
10218
9343
8524
8075
