JordanM
23
18
12
17
25
17
9
12
18
7
0
12
12
16
16
26
10
11
7
7
11
12
6
21
9
9
9
13
13
20
13
12
31
41
53
62
36
53
46
48
75
79
54
87
96
98
90
97
90
89
78
102
76
79
86
78
68
71
65
67
57
63
63
78
77
66
72
72
68
74
69
75
83
98
108
106
100
207
184
159
137
187
182
154
165
179
212
222
189
223
280
290
259
305
369
398
517
649
979
1406
1618
2924
3535
4012
4539
5456
7298
8406
8483
10869
16131
16011
14029
14752
14161
13567
13852
14759
14409
13050
12164
10812
11145
10327
9549
9390
9918
10036
9077
8641
8224
8050
7791
7179
6834
