JosephM
2632
2456
2670
2515
2707
2540
2594
2456
2993
2729
2670
2572
3064
2997
2977
2992
3051
2827
3171
2679
3714
2766
3098
3121
3291
3302
3527
3844
4162
4348
5228
6488
12062
14471
18828
23052
23882
24763
26263
24263
25595
26176
25702
25556
25430
24612
23762
23502
22316
21156
20980
19328
18558
17156
17103
17183
17451
17312
17735
17717
18204
19799
22422
22819
21169
20820
24281
27515
26800
26413
27046
28126
28508
29253
31203
31589
32704
31812
30087
29526
29757
29449
30087
30097
30571
28661
26997
25942
25404
26197
26733
24512
22471
21326
21843
22147
24072
26493
26673
28669
30193
30768
31044
30446
30507
30214
28820
28506
28996
29873
30124
29836
27889
27004
25726
25340
24747
23585
23173
23203
22820
21999
21889
21352
20117
19199
18431
17324
16550
14902
13806
12936
12524
12195
12080
