JoseM
84
76
95
74
112
111
85
95
99
80
93
77
106
84
94
104
104
85
110
90
161
127
125
142
144
200
154
170
192
213
249
268
356
432
552
659
686
800
871
1026
1241
1209
1257
1325
1394
1450
1473
1638
1767
1692
1600
1359
1315
1171
1219
1167
1120
1085
1158
1095
1170
1194
1310
1373
1513
1606
1860
2088
2260
2439
2640
2685
2686
3015
3221
3306
3395
3466
3408
3575
3908
3762
3829
4016
3973
3968
4185
4413
4792
5188
5699
6000
5937
6093
6720
6966
7054
6915
7145
7840
8317
8766
8617
8070
8007
8397
8355
8724
9001
10328
11508
11718
11819
11839
11723
11779
12154
11923
12368
12147
12581
12137
12860
12389
12176
12059
11595
11245
9811
8807
7698
6757
6028
5619
5467
