JosephineF
544
563
638
697
800
783
844
815
1001
1047
1118
1031
1210
1178
1256
1334
1256
1267
1425
1388
1743
1434
1566
1587
1701
1894
1900
2156
2389
2416
2801
3011
3980
4822
5896
7607
8127
8326
8682
8104
8095
8132
7865
7559
7276
6808
6406
6109
5670
5297
4984
4498
4095
3570
3740
3259
3144
2941
2979
2838
2741
2727
2746
2665
2324
2146
2229
2349
2229
2164
2093
1963
1865
1796
1720
1592
1487
1436
1278
1174
1159
1202
1098
1053
960
863
839
745
694
699
675
602
581
534
535
456
430
443
457
434
502
476
489
480
437
423
455
434
503
528
578
606
591
595
648
700
725
783
840
989
1114
1153
1198
1256
1337
1488
1548
1562
1630
1624
1676
1727
1948
2009
2275
