JoshuaM
57
40
50
55
41
43
55
41
50
33
24
24
41
23
24
29
30
29
39
24
36
22
17
21
19
18
27
26
29
28
44
43
60
78
87
136
99
122
118
139
128
125
124
129
114
109
105
117
118
74
90
95
111
102
106
80
100
92
72
101
90
93
113
95
104
97
113
141
130
183
162
165
176
170
190
244
241
271
277
326
315
352
336
373
392
463
487
566
733
1324
2178
3650
5041
8063
11605
14576
16872
22078
25211
31132
36061
39050
38024
36703
40251
42187
37535
39991
42645
44086
43216
41216
36213
33575
31372
30715
29168
28282
28086
27254
27534
26009
25980
25087
24188
23242
22308
20642
19188
17630
15425
13739
12632
11784
10843
