JosieF
141
149
169
148
198
211
212
192
257
207
242
218
263
233
241
234
227
209
219
243
267
205
221
210
206
217
193
191
207
202
251
193
269
257
344
379
363
403
430
481
437
418
448
413
426
410
406
409
363
364
355
338
291
334
379
375
330
353
373
334
337
344
363
331
352
335
332
360
351
270
246
233
196
203
228
223
280
275
268
276
305
254
232
223
205
180
163
138
186
176
170
226
214
192
211
196
215
231
215
251
269
261
274
298
249
220
204
202
248
321
363
349
365
401
573
726
820
752
800
889
969
1101
1108
1017
975
1017
1124
1129
1133
1054
1250
1243
1274
1216
1278
