JoyF
9
6
7
10
20
10
14
16
10
21
24
18
30
20
23
27
25
38
30
36
38
40
38
38
54
48
63
68
120
157
190
214
256
303
322
376
392
447
540
578
772
892
1127
1092
1137
1268
1224
1361
1291
1341
1349
1484
1235
1372
1259
1310
1550
1593
1609
1456
1391
1574
1815
1627
1642
1775
2014
2275
2305
2365
2388
2822
2929
2759
2882
2775
2609
2428
2181
2218
1974
2091
1885
1902
1692
1775
1824
1818
1697
2755
2307
2077
2100
1947
1820
1716
1621
1335
1191
1154
1122
1037
861
836
802
697
710
615
632
590
592
587
579
583
596
607
579
590
582
612
582
607
602
572
586
624
583
619
644
692
