JoyceF
7
6
0
7
0
7
12
12
17
17
14
20
22
29
37
27
40
45
59
43
69
73
56
80
78
80
105
96
135
136
222
273
456
640
746
1017
1261
1255
1523
1840
2016
2670
3532
4364
5707
6682
7241
8597
9660
10576
11361
11190
11462
11365
11990
11808
12693
13393
14801
15681
16726
16486
14769
13952
15212
15911
14379
13573
13418
13472
13120
12791
12090
11271
11091
10149
9031
8512
7751
7003
6093
5224
4860
4129
3397
2940
2496
2231
2031
1692
1351
1229
1264
1127
948
847
775
739
730
687
662
636
593
537
536
561
475
489
512
445
439
423
374
371
343
331
332
337
361
369
356
345
344
324
325
341
318
287
302
263
295
328
351
