JuanM
39
45
39
50
56
54
69
57
56
61
50
42
55
51
50
61
63
53
53
60
84
78
68
75
81
93
88
121
101
123
150
152
217
243
299
348
338
407
436
524
606
572
620
644
741
721
647
759
857
876
906
744
652
630
635
628
580
571
639
624
676
662
716
834
900
1011
1131
1315
1476
1831
2027
1841
1855
1890
1866
1775
1748
1897
1936
1925
2080
2053
2150
2246
2228
2196
2386
2473
2630
3022
3469
3639
3674
4088
4435
4696
5049
4560
4832
4941
5432
5491
5115
4893
4638
4848
5075
4973
5165
5771
6737
6832
6948
6894
7204
6982
7011
7113
7360
7798
7707
7446
7817
7827
8125
8226
7933
7415
7028
6281
5237
4676
4279
3877
3898
