JuanitaF
23
25
25
24
41
51
52
61
77
67
89
89
133
108
111
154
165
175
176
192
273
251
234
304
344
360
388
443
572
668
732
862
1182
1443
1792
2398
2644
2929
3260
3636
4238
4779
4642
5049
5404
5234
4984
5074
4731
4412
4515
4129
4010
3550
3662
3344
3180
3179
3129
3214
3171
3045
3077
3082
2959
2655
2985
3110
3207
3149
3028
2790
2849
2707
2548
2498
2469
2401
2161
2196
2097
1986
1940
1914
1806
1670
1531
1442
1362
1218
1262
1300
1134
1039
1038
936
845
863
866
893
809
872
847
685
649
598
583
524
493
494
448
436
434
412
372
317
314
315
299
278
268
258
220
192
205
174
162
180
164
121
112
99
81
101
82
