JudithF
5
10
8
15
19
14
14
19
16
22
22
28
25
27
35
32
38
37
44
35
56
25
41
33
38
38
41
53
50
58
67
95
118
137
164
254
295
280
331
303
370
351
412
461
450
554
651
622
641
661
944
1098
1433
1868
2459
3873
4579
6146
10874
16626
22380
23314
24787
25210
22433
20186
22305
21998
17785
17609
15358
14929
14067
11960
11195
10426
9108
8023
7110
6567
6150
5686
5183
4739
4193
3584
3217
2665
2290
2077
1668
1454
1263
1015
893
853
747
707
626
613
597
666
707
613
566
552
532
526
517
514
545
561
527
563
489
486
470
489
454
485
412
446
440
427
529
525
505
453
416
370
302
316
293
251
280
