JudyF
5
5
5
0
5
6
9
0
0
6
7
10
6
11
9
11
5
12
12
12
12
11
18
11
14
13
13
13
15
32
29
38
52
52
68
84
117
136
143
169
201
205
223
231
276
312
337
295
245
302
366
395
588
727
960
1474
1987
2741
4993
8083
11381
13964
15669
17379
17118
17001
20479
21033
17704
15982
14208
14013
13642
12727
11629
10369
10191
10544
10831
9883
8864
7915
7059
6133
5535
4242
3509
2800
2268
2006
1828
1522
1259
1033
929
749
615
632
554
536
549
602
613
521
513
458
414
411
410
363
402
296
339
269
244
262
236
214
204
195
189
157
163
158
164
146
127
144
118
111
122
94
120
153
146
