JulieF
22
22
22
24
31
19
23
19
26
36
29
31
36
33
35
29
33
43
35
34
43
33
44
39
50
57
48
54
65
56
72
73
87
119
161
173
188
177
202
182
201
199
195
212
197
218
207
199
205
217
248
237
265
288
346
355
453
461
600
710
1040
1267
1567
1623
1480
1512
2170
2735
2795
2847
3144
3690
4500
5665
6280
6781
8575
13636
18205
16217
16078
17039
17090
16305
17280
16992
16329
15546
15753
17739
17161
15329
14071
12787
11363
11142
10842
10202
9799
9253
8908
8566
7692
6654
5939
5763
5016
4740
4460
3944
3655
3569
3169
2735
2455
2276
2138
1863
1805
1757
1677
1414
1468
1351
1238
1181
1110
1118
993
918
818
797
816
762
777
