JuliusM
143
129
168
160
162
150
173
164
197
159
159
155
190
195
178
165
174
159
181
161
206
168
159
173
189
190
190
231
263
269
350
368
758
835
1049
1361
1355
1384
1416
1317
1318
1326
1277
1186
1135
1088
1030
916
867
837
812
708
712
551
579
560
547
565
555
531
565
550
558
610
540
485
541
605
549
554
506
507
486
553
588
606
509
588
494
507
508
426
428
467
418
419
396
359
362
372
358
366
330
343
338
323
349
444
447
469
514
512
537
579
503
490
451
506
501
545
574
511
485
416
390
409
405
442
449
431
484
606
627
678
712
841
993
1120
1097
1016
933
883
949
920
1123
