JulianM
32
36
41
48
48
49
50
40
47
49
63
43
52
68
53
55
57
53
69
45
79
66
62
59
65
78
102
92
88
102
129
152
294
360
449
579
626
652
725
685
693
765
773
674
727
716
703
621
634
592
590
502
561
453
474
497
448
449
424
457
511
502
529
554
456
465
524
551
533
534
508
490
522
519
492
472
449
457
460
461
492
525
477
472
510
461
452
450
473
524
637
648
625
719
650
745
734
747
641
663
751
869
993
931
937
1526
1543
1489
1672
2211
2697
2690
2544
2486
2501
2702
2855
2909
3052
3216
4589
4941
5223
5407
5668
6111
6789
6775
7456
7377
7573
7611
7364
7504
7648
