JuliaF
783
737
811
875
935
1062
1061
1043
1292
1201
1275
1200
1360
1367
1320
1380
1407
1380
1462
1297
1766
1362
1501
1447
1426
1642
1603
1680
1749
1931
2074
2158
2825
3195
3813
4831
5066
5078
5267
4949
4889
4737
4615
4322
4289
4046
3685
3590
3205
2949
2879
2624
2657
2401
2357
2343
2278
2283
2476
2637
2705
2846
2904
2969
2687
2328
2796
2954
2775
2924
2729
2745
2785
2970
3157
3285
3323
3686
3835
3936
3789
3905
3751
3572
3539
3098
3044
2777
2991
3716
3180
2604
2335
2094
2066
2002
1914
2068
2594
2567
3068
3669
3502
3381
3359
3202
3106
3326
3357
3367
3909
5361
5021
4659
4841
5410
6312
7339
8327
8750
8764
8837
7963
7434
7143
7083
6882
6131
5615
4988
4674
4344
3874
3743
3590
