JuneF
14
16
22
24
43
34
33
25
50
54
63
68
56
62
76
77
82
91
118
95
126
113
128
143
133
148
153
193
206
213
295
278
467
710
1148
2139
2840
3370
4034
3963
4912
5155
5383
5810
6150
6649
6075
5735
5520
5091
5092
5001
4843
4678
4385
3839
3519
3378
3142
2863
2948
2766
2608
2492
2203
2070
2562
2840
2391
2286
2290
2281
2318
2263
2362
2149
1952
1855
1828
1803
1645
1471
1455
1367
1373
1049
910
769
592
598
565
525
404
304
314
301
285
248
293
280
233
226
214
181
155
178
158
151
120
129
100
110
104
99
113
88
83
93
89
87
114
96
107
92
112
115
199
237
320
440
495
630
715
867
1045
