JustinM
8
7
0
0
6
9
8
0
9
8
13
8
7
14
15
6
17
13
16
9
18
8
9
12
16
15
14
15
18
14
18
25
67
60
81
122
123
142
144
156
107
137
140
122
161
132
125
139
121
108
113
77
83
99
68
71
61
72
84
91
84
93
107
105
106
122
141
148
138
174
128
134
174
173
211
247
278
299
305
346
361
485
514
502
495
461
509
628
1109
1668
2383
3061
4973
6076
7435
8893
10155
12013
14193
17404
26755
27310
29102
28296
26765
25537
26622
31491
35035
32842
30635
26783
23613
21536
20930
21579
20008
18744
17970
18274
17777
16228
14901
13651
11872
10505
9963
10040
9352
8615
7839
7099
5877
4857
4013
