JustineF
8
0
6
5
6
7
13
0
10
18
12
13
11
15
16
20
12
21
17
32
26
23
15
16
25
37
32
33
34
35
44
67
76
87
154
159
159
162
141
172
249
198
172
180
177
159
175
142
133
133
125
125
132
128
93
99
109
171
117
139
146
119
146
116
123
144
136
125
135
122
119
117
126
98
106
107
110
253
220
216
227
308
308
336
319
360
290
280
355
410
348
317
270
252
240
201
210
216
280
328
308
313
522
665
939
1258
1586
1591
1565
1565
1339
1255
1201
1161
957
1092
982
754
599
583
482
452
464
408
322
273
293
291
211
176
170
139
120
101
