KarenF
6
0
0
0
10
9
9
5
10
14
6
10
7
11
0
9
5
8
9
8
5
0
8
11
11
16
14
13
12
11
11
28
12
34
36
42
47
56
28
42
42
50
48
59
49
62
57
78
79
100
154
303
453
588
1098
1719
2232
4508
5543
7283
10830
15388
16815
15943
15680
19645
21646
21993
22466
24144
27993
28959
29849
32456
33215
40045
40584
38465
36773
36379
34690
35184
32487
30247
32874
25447
21542
19557
17637
16701
14211
11185
9358
8648
8164
7502
7441
6373
5602
5054
4536
4153
3791
3533
3138
2801
2580
2566
2757
2713
2602
2763
2806
2488
2268
2401
2223
2073
2170
2171
2193
2220
2331
2165
2063
2028
2171
1816
1433
1286
1102
894
729
630
