KarlM
21
29
40
33
34
44
48
49
71
50
47
61
59
63
73
67
60
57
53
49
75
54
65
70
67
65
108
89
97
102
92
156
323
387
548
715
685
673
601
515
502
573
527
565
584
588
596
629
598
636
648
635
670
682
689
809
831
907
985
866
856
865
878
907
837
760
1000
1120
1184
1322
1305
1441
1560
1652
1743
1929
2058
2338
2346
2353
2595
2545
2458
2513
2401
2025
1791
1696
1604
1568
1576
1321
1169
988
1005
904
868
940
900
959
1058
1063
973
913
894
960
903
852
843
910
856
810
738
662
612
598
503
482
455
389
366
350
330
299
281
264
270
241
188
207
177
170
161
167
160
