KateF
299
267
293
294
344
309
335
331
360
362
352
305
345
323
328
262
303
267
297
219
297
196
213
202
213
183
196
184
191
183
206
216
260
257
311
339
318
322
302
309
255
289
234
225
222
173
164
151
131
122
110
99
97
83
94
105
95
81
95
107
94
111
102
102
89
76
89
121
109
111
108
112
100
117
103
120
109
162
157
175
207
221
218
210
212
204
181
172
198
225
296
226
258
275
350
477
531
829
1000
1260
1328
1397
1339
1335
1553
1491
1441
1448
1150
1077
1035
979
837
785
752
717
811
893
1139
1400
1396
1625
1668
2054
2218
2404
2441
2550
2418
1985
1489
1790
1642
1737
1619
