KatharineF
76
68
82
79
86
78
90
110
108
119
119
117
123
128
140
145
151
145
125
104
141
106
89
126
109
121
133
122
155
144
157
148
261
236
290
344
336
357
372
353
349
329
291
266
265
236
214
226
201
195
205
166
177
152
167
170
182
160
164
181
160
223
259
280
257
282
300
350
333
345
373
320
357
338
321
417
405
407
405
365
305
330
291
307
289
287
300
270
370
367
409
320
309
269
344
345
367
435
422
628
571
791
950
839
851
840
908
728
754
628
647
687
708
654
542
465
432
407
452
321
362
334
286
375
323
301
293
256
191
160
127
134
109
109
89
