KatherineF
502
504
591
583
671
751
744
794
893
889
900
803
961
963
948
968
1047
962
914
942
1201
890
1004
1015
1128
1190
1277
1413
1430
1557
1753
1858
2546
2794
3652
4488
4801
4956
5191
4846
5276
5156
4826
4579
4696
4240
3834
3721
3398
3017
3029
2624
2590
2330
2386
2337
2357
2483
2574
2475
2709
3003
3377
3614
3524
3392
4197
4888
5171
6041
6209
6922
6888
6559
6740
7243
7080
6638
6433
6140
5879
5631
5274
5128
5074
4714
4499
4560
4719
5169
5444
5120
4514
4420
4532
4854
5056
6032
6626
7470
8019
8432
9179
9683
10154
10123
10569
10433
11146
11416
11618
11490
11147
10507
9585
8986
8874
8516
8203
7932
8106
7878
7212
7123
6738
6389
6293
5811
5343
4426
3862
4184
3946
3711
3672
