KathrynF
204
218
272
290
344
320
383
384
446
415
474
504
549
534
520
585
625
570
671
621
722
620
717
729
787
788
911
864
1058
1138
1198
1397
1905
2246
2901
3778
3933
3984
4068
3826
4082
4201
3792
3712
3599
3261
3094
2935
2680
2435
2513
2203
2263
2120
2258
2127
2110
2326
2282
2377
2439
2868
3351
3646
3855
3972
4999
6093
6176
7183
7864
8458
8495
8323
8139
7644
7589
7204
7330
6742
5868
5226
5109
4705
4923
4159
4009
3692
3556
3619
3717
3419
3128
2884
2993
2946
3262
3969
4809
5312
5528
5822
6282
6371
6539
6632
6392
6237
6339
6294
6350
5834
5685
5088
4614
4329
4101
3871
3699
3582
3641
3329
3104
2945
2752
2571
2416
2208
1778
1514
1365
1333
1226
1177
1111
