KathleenF
21
13
22
21
27
38
43
50
67
87
105
113
149
170
168
192
259
250
306
230
321
272
325
352
362
386
412
440
526
527
622
663
985
1179
1475
1940
2154
2358
2630
2585
3156
3420
3465
3753
3665
3503
3277
3264
3152
2940
3074
2800
2942
3121
3278
3353
3352
3743
4229
4656
5698
7159
10693
12151
13006
13802
18759
22097
23256
26352
25706
26709
25769
23724
22456
22004
21369
19741
19200
17622
16089
15391
14186
13549
13232
11782
10497
9210
8730
8301
7410
6156
5101
4252
3955
3542
3408
3648
3746
3644
3861
3777
3948
3923
3988
4084
4128
4163
3928
3597
3669
3371
3135
2741
2431
2281
2107
1742
1737
1630
1583
1337
1208
1096
1001
933
877
779
703
542
494
451
426
431
419
