KatieF
303
279
327
361
360
388
431
440
516
502
509
494
563
504
525
536
516
492
580
459
618
453
572
512
494
553
498
539
531
534
672
595
732
674
861
937
935
927
1013
1073
1121
976
1051
951
972
1004
853
884
823
761
737
753
754
743
711
731
632
607
642
648
636
650
652
637
564
576
598
586
622
659
506
547
484
533
499
476
486
512
555
657
593
595
564
545
521
453
452
420
457
618
703
760
773
806
1110
1294
1592
2506
3421
4511
6135
6600
6678
6702
7169
7993
8330
8192
7761
7291
6513
6417
6110
5454
4977
4467
4313
3845
3723
3527
3391
3262
3223
3188
3199
3162
3087
2987
2664
2243
1896
1665
1442
1312
1159
