KayF
6
6
6
6
7
5
5
7
16
14
10
13
15
14
23
26
22
26
37
39
49
42
53
75
83
106
111
143
159
215
244
272
283
311
330
313
304
281
285
302
248
224
267
223
218
351
558
658
863
1429
1648
2407
3010
3114
3259
3199
3536
3622
3492
3170
3059
3357
3519
2944
2751
2625
2964
2772
2466
2504
2326
2391
2357
2238
2001
1925
1956
1878
1606
1302
1020
857
709
636
498
477
377
251
273
239
206
192
195
155
156
153
164
151
150
146
139
128
118
141
118
114
104
104
100
88
82
67
74
70
66
74
72
79
66
67
60
62
66
46
40
47
47
52
48
60
