KeithM
6
6
7
0
7
13
11
6
14
7
7
14
16
15
20
21
17
35
31
45
42
42
43
60
169
212
291
422
476
518
580
653
803
998
985
1105
1070
1140
1120
1231
1223
1242
1356
1376
1315
1314
1351
1368
1403
1343
1535
1507
1512
1651
1785
2384
2291
2163
2861
3682
3661
3881
4573
5773
7166
7375
8360
10401
11481
12426
11894
11750
12187
12282
11622
12242
11664
10681
11616
11007
9869
9449
9612
9861
9157
8168
7393
6828
6752
6605
6173
6192
5888
5621
5621
5315
5324
5209
5038
4781
4944
4891
4481
4124
3630
3264
2783
2457
2183
2000
1784
1662
1524
1432
1324
1313
1313
1165
1248
1154
1060
965
887
805
839
757
747
