KellyM
5
8
13
12
10
15
16
13
10
17
11
9
18
21
12
23
14
15
10
9
33
12
16
21
13
11
20
29
25
26
46
41
57
63
92
101
90
131
118
143
121
133
141
111
125
121
123
132
128
141
117
129
105
120
144
125
138
126
137
153
142
160
249
275
275
240
283
351
379
510
488
699
806
846
959
1252
1471
1868
2299
2436
2937
3003
2858
2729
2492
2259
2786
3100
3058
2792
2498
2264
1918
1704
1760
1642
1541
1484
1308
1207
1184
1182
1271
1054
984
891
872
786
738
811
686
643
534
475
385
357
339
284
239
195
201
174
185
146
160
127
139
154
113
140
101
108
105
103
104
