KennethM
32
29
22
26
29
41
38
35
45
66
72
65
102
83
105
127
175
164
191
214
279
246
275
330
414
474
534
589
692
746
880
1149
2538
3065
4178
5681
6012
6142
6810
6795
7841
8957
9262
9734
10356
10149
10338
10850
11168
10837
11701
11564
11743
11402
11800
12063
12487
13214
14396
14705
15133
16128
18207
19106
18091
18092
22036
24574
23549
23586
23840
25823
25897
25507
26156
26732
27404
28041
26659
26624
27683
26089
25244
25244
24870
22675
20824
19276
18091
17556
16817
14773
12336
10979
10151
9641
9134
9455
9021
9244
9614
9478
9355
8967
8787
8990
8452
8352
8562
8556
8258
7576
6730
6277
5677
5225
4973
4658
4587
4285
4148
3907
3663
3641
3421
3367
3238
3103
2958
2604
2422
2206
2213
2169
2140
