KevinM
9
9
12
15
18
19
21
14
24
84
71
53
50
61
47
67
68
76
84
112
121
133
151
176
154
178
246
273
298
420
530
640
594
691
1035
1553
2233
3297
4761
6342
7923
10010
15322
17148
21766
24278
24654
26756
28393
28901
28356
30624
29369
28192
25598
24620
23882
23579
26988
24879
22369
20797
19480
18084
18488
22485
20113
18739
17979
17458
17465
17376
17854
18808
19933
20408
20157
21200
20403
20259
19636
19076
17306
15851
14579
13291
12507
12252
12666
12591
12043
11728
11213
10904
10774
10530
9788
8766
7319
6555
6215
5924
5877
