KyleM
5
0
0
0
0
0
0
9
5
5
7
6
7
10
7
6
0
0
7
7
0
7
7
10
9
10
8
10
11
15
11
35
25
42
65
62
75
67
52
85
67
81
68
88
84
85
102
74
80
89
79
78
74
87
114
96
105
78
101
94
119
112
121
96
81
107
152
130
144
241
342
381
363
400
404
472
1029
1013
1146
1269
1159
1709
1632
1478
1174
1960
2144
1944
2138
2766
2832
2477
2376
2601
2838
3311
3511
4518
5452
5785
6576
8207
12372
12538
16510
19302
19859
19885
20876
22698
21610
20708
19450
18394
16757
15596
15915
15276
13769
11966
10568
10060
8649
7820
6682
6147
5353
4696
4171
3569
3258
2960
2577
2377
