LarryM
13
8
8
12
18
19
23
17
19
13
24
18
19
22
36
37
38
33
39
34
62
35
46
57
70
72
72
63
70
87
114
92
164
212
267
301
301
322
398
405
440
491
491
517
577
724
806
837
1069
1268
1721
2145
2822
3251
4470
5977
7612
10320
12385
14525
17201
20129
22096
22966
22022
22820
28437
34939
33426
31810
31489
30523
28243
25186
24593
22814
22294
21913
20065
18415
15993
14578
12710
11674
10674
9407
8714
8329
8232
8288
8112
7761
6610
6080
5696
5313
4843
4839
4514
4393
4269
3951
3718
3381
3105
2947
2622
2501
2448
2338
2194
2073
1862
1780
1559
1401
1371
1238
1208
1255
1118
1029
952
949
898
828
791
962
822
781
810
716
655
580
543
