LauraF
1012
962
1151
1183
1246
1325
1372
1364
1624
1567
1634
1509
1744
1683
1730
1643
1665
1585
1768
1472
1824
1402
1559
1504
1508
1567
1467
1621
1558
1524
1834
1790
2413
2454
3058
3723
3744
3808
4062
3663
4171
3998
3903
3707
3828
3590
3375
3340
3144
2936
2907
2670
2749
2536
2436
2358
2255
2362
2443
2373
2351
2274
2409
2391
2243
3590
4479
5052
4901
5382
5727
6465
7184
7629
8718
9009
10572
12177
13509
14528
17062
17899
17494
18508
18978
16214
15548
15818
18743
17920
16497
13869
11774
10341
9719
10313
11252
11323
11243
11885
12918
13292
13304
13194
14812
15992
14173
13027
12115
11742
10908
9645
8307
7256
6856
6005
5223
4847
4286
3871
3732
3554
3140
2740
2550
2347
2060
1839
1588
1407
1207
1166
1140
1017
1043
