LaurenceM
25
28
24
28
24
33
43
28
38
32
42
39
45
53
46
58
59
69
74
63
81
60
71
77
73
77
81
78
91
89
114
121
271
314
379
462
470
495
557
531
551
598
580
543
575
551
610
583
573
586
563
517
479
426
489
427
432
448
479
548
604
525
666
648
581
590
708
778
769
800
807
824
843
748
711
640
651
606
539
518
512
541
519
505
456
365
349
348
321
302
304
230
214
204
184
180
174
157
139
153
160
168
165
134
152
138
119
115
106
145
122
116
124
101
102
125
109
90
97
86
71
68
74
81
71
61
71
55
53
55
41
48
51
45
59
