LawrenceM
257
244
287
282
262
288
331
283
343
342
372
389
468
395
430
509
499
505
533
497
659
535
598
536
662
670
717
801
815
854
1009
1221
2467
2853
3703
4688
4742
5095
5371
5205
5728
5980
5782
5915
5774
5632
5584
5571
5590
5306
5636
5367
5295
4906
5325
5348
5341
5505
5871
5882
6172
6651
7638
7579
7126
7165
8514
9582
9763
10251
10183
10251
10299
9840
9604
9133
8879
8742
7532
6608
6385
6085
5616
5710
5457
4963
4653
4344
4104
4052
3823
3526
2826
2526
2545
2364
2253
2311
2246
2260
2170
2193
2133
2027
1869
1942
1788
1896
1859
1752
1779
1732
1615
1551
1267
1149
1115
985
1040
917
888
810
793
817
768
725
728
771
676
635
579
591
599
584
632
