LeahF
54
52
56
65
79
85
83
83
118
134
162
144
163
167
182
203
169
147
185
149
166
184
171
175
149
168
164
200
194
176
207
202
302
370
457
552
514
534
588
527
523
514
485
487
505
444
436
345
404
309
326
319
295
338
395
363
346
408
376
373
365
351
330
308
306
285
324
388
387
451
443
478
497
580
556
593
668
737
667
740
771
808
976
1299
1419
1389
1379
1597
1617
1491
1672
1689
1594
1587
1843
2123
2272
2587
2712
3078
3638
3807
3765
3481
3532
3574
3453
3452
3555
3785
3924
3815
3429
3412
3205
3273
3320
3203
3215
3284
3395
3518
3600
3917
4742
4594
4649
4545
5624
6780
6528
6380
5762
5597
5590
