LeeF
28
39
43
55
48
46
37
60
61
77
58
68
68
66
83
98
73
97
111
94
138
95
134
110
139
165
150
192
197
196
224
258
312
294
405
445
475
479
507
484
543
459
496
493
489
531
542
490
513
476
463
448
455
403
422
474
440
438
449
477
492
520
584
597
599
689
807
857
842
818
818
891
948
1017
1355
1819
1936
1835
1699
1549
1534
1492
1379
1478
1272
1299
1212
1141
1159
1134
970
875
690
658
608
585
532
561
489
621
651
533
485
373
360
310
286
242
268
231
197
162
156
159
124
103
94
72
87
81
67
56
42
43
43
22
28
22
17
29
31
20
22
28
23
