LeeM
361
342
427
388
435
348
399
400
430
415
410
342
460
445
455
478
455
453
498
388
675
424
475
477
532
486
436
516
553
584
741
646
1030
1228
1451
1916
2016
2004
2159
2190
2321
2354
2372
2359
2418
2537
2313
2392
2279
2211
2362
2122
2283
2302
2376
2425
2419
2498
2576
2587
2624
2741
2922
2791
2932
2939
3344
3677
3444
3564
3610
3682
3649
3585
3563
3596
3511
3599
3513
3503
3440
3127
3257
3021
3035
2775
2966
2962
2871
2764
2797
2475
2264
2110
2115
1861
1878
2016
1980
2080
2209
2211
2202
1917
2164
2005
1933
1812
1782
1545
1448
1299
1131
988
917
774
721
614
607
510
501
513
439
403
412
384
390
381
359
373
353
351
353
358
348
