LeilaF
80
77
83
90
103
123
115
112
170
126
154
178
178
173
152
147
149
157
161
139
178
145
140
138
148
154
160
171
150
145
163
143
195
234
259
363
368
352
369
384
405
345
363
335
365
344
313
306
279
285
317
287
305
294
241
240
184
239
190
177
182
211
203
204
197
176
166
176
156
181
168
154
161
177
195
177
180
178
157
192
172
191
190
171
162
135
175
141
105
136
132
163
141
145
155
157
159
192
186
196
184
222
211
213
204
220
210
214
221
199
182
198
197
199
186
216
179
213
297
306
427
565
638
893
893
1041
1161
1390
1498
1388
1507
1374
1362
1467
1328
