LelaF
106
125
143
163
213
168
230
207
292
268
304
337
353
358
413
388
425
438
459
417
530
443
459
420
431
465
447
453
411
414
469
489
523
595
647
774
888
828
896
898
878
907
865
816
863
818
721
681
659
630
586
557
504
510
467
427
406
418
383
360
335
354
370
344
327
328
301
322
323
356
266
234
270
249
249
244
238
209
217
206
169
195
165
168
166
147
126
103
133
106
132
112
106
127
101
85
93
101
105
106
82
110
92
104
90
94
75
84
66
67
76
80
56
72
52
57
76
63
63
92
118
110
106
122
134
142
152
176
157
160
145
141
175
156
151
