LelandM
9
9
13
21
14
23
27
20
37
29
45
36
57
60
55
54
61
59
50
62
76
68
58
75
69
66
99
86
78
90
97
127
252
338
413
597
571
627
690
669
799
866
768
807
775
858
776
824
787
762
707
693
638
645
664
623
596
555
585
569
607
636
675
676
596
540
569
656
672
633
559
591
602
535
514
565
517
480
461
428
408
430
386
357
400
357
338
316
254
283
269
249
253
241
221
203
206
208
231
207
208
211
182
209
203
166
196
214
250
263
272
267
221
204
165
175
144
167
140
129
136
107
133
129
109
370
900
1025
724
893
961
941
895
768
751
