LenaF
603
555
697
800
906
876
992
1004
1162
1096
1137
1174
1234
1261
1360
1289
1318
1239
1320
1159
1506
1216
1225
1200
1228
1258
1206
1238
1331
1295
1431
1449
1903
1973
2259
2927
2869
3004
2937
2872
2785
2710
2624
2521
2410
2235
2144
1984
1806
1625
1491
1300
1253
1088
1077
967
888
848
859
765
795
795
785
776
725
722
697
706
734
628
633
626
606
611
588
558
537
548
512
515
519
569
527
513
570
520
545
483
462
483
507
493
478
454
482
473
449
462
428
452
500
480
513
445
462
519
429
419
397
413
452
450
483
412
455
400
420
443
481
468
473
466
507
563
553
650
643
713
726
767
835
896
876
977
1162
