LenoraF
66
68
70
66
73
73
75
98
105
91
102
95
120
93
101
103
134
133
135
92
153
118
129
132
138
160
176
166
180
189
214
211
281
289
396
543
532
516
563
493
595
621
651
589
678
615
611
645
608
480
523
440
482
460
459
461
392
420
390
429
410
440
440
433
382
332
363
412
403
408
433
410
425
430
400
428
516
578
479
487
472
449
394
378
376
339
290
339
278
245
238
222
186
159
152
146
124
103
101
97
103
126
94
101
81
86
68
91
80
84
59
73
62
51
60
38
41
36
31
41
45
39
31
49
46
52
38
59
44
61
69
67
89
127
136
