LeoM
147
122
146
142
192
199
240
232
353
325
393
353
444
448
515
509
497
462
588
482
570
456
551
636
552
512
508
651
584
609
707
844
1654
2031
2656
3528
3620
3779
4035
3802
4054
4068
3901
3973
3989
3773
3554
3533
3093
3019
3033
2704
2498
2348
2308
2142
2016
2015
1950
1840
1752
1726
1799
1694
1593
1579
1647
1805
1717
1646
1555
1658
1563
1650
1606
1578
1546
1520
1422
1432
1204
1177
1103
1015
1027
904
856
769
693
743
703
652
549
509
513
517
480
484
479
483
476
532
484
428
431
446
415
453
449
425
429
506
468
456
474
446
447
457
527
523
657
735
809
1095
1238
1272
1500
1528
1625
1797
1940
2245
2871
3503
3952
