LeonaF
137
138
163
178
210
231
227
208
311
348
332
352
440
463
471
520
556
619
665
665
825
779
875
881
998
1083
1017
1106
1118
1167
1220
1329
1650
1911
2174
2972
3086
3115
3335
3033
3166
3210
2825
2744
2794
2514
2430
2242
2083
2024
1871
1744
1669
1461
1473
1307
1235
1173
1164
1075
1026
999
1055
1061
895
843
819
815
775
739
681
667
602
585
569
508
521
496
530
482
462
427
419
462
404
348
318
303
274
278
285
218
227
220
189
191
158
170
184
182
167
152
144
127
123
135
130
125
110
142
103
114
100
89
74
89
91
101
81
89
108
89
104
103
133
139
143
151
236
274
255
280
287
372
378
