LeonardM
200
206
231
200
206
204
236
207
225
229
275
235
294
275
343
342
350
310
421
321
465
362
426
448
508
495
492
547
614
665
793
953
1928
2276
2923
3993
4328
4694
4980
5010
5511
5651
5407
5486
5604
5462
5403
5309
5136
4829
4658
4276
4103
3955
3832
3805
3715
3479
3665
3713
3815
3983
4370
4610
4187
4122
4700
5157
4782
4548
4584
4732
4613
4414
4493
4248
4375
4328
4012
3736
3634
3425
3150
3046
3071
2716
2457
2415
2258
2264
2296
2043
1719
1666
1471
1435
1309
1301
1314
1262
1277
1191
1202
1103
1053
954
901
966
910
912
863
833
775
670
644
528
547
454
471
479
450
435
396
401
385
384
383
356
399
323
388
325
336
347
385
