LeonM
118
121
131
140
150
146
142
147
196
184
197
150
187
211
236
219
235
229
252
188
310
208
248
287
241
274
263
324
327
377
435
540
1006
1160
1414
1977
1954
2101
2442
2250
2555
2617
2522
2530
2676
2637
2643
2599
2462
2336
2400
2244
2296
2189
2303
2283
2282
2325
2353
2329
2315
2375
2547
2454
2154
2098
2338
2490
2380
2424
2431
2371
2370
2277
2135
2146
2038
1882
1940
1746
1646
1555
1542
1475
1485
1264
1308
1199
1197
1152
1222
1043
1026
1006
973
884
926
949
924
907
903
869
873
784
797
727
687
662
675
646
594
580
591
531
544
502
473
436
459
461
456
466
470
493
462
468
515
541
546
625
667
694
857
1013
1077
