LeroyM
124
129
152
143
154
162
155
177
192
186
236
190
233
244
239
249
278
291
315
269
419
268
370
340
401
441
420
550
523
568
733
706
1306
1582
2004
2451
2699
2951
3422
3422
3550
3747
3671
3689
3923
3882
3807
3914
3873
3815
3806
3646
3677
3355
3777
3916
3645
3555
3492
3387
3310
3520
3718
3736
3406
3175
3465
3349
3231
2939
2836
2717
2647
2578
2635
2410
2350
2307
2081
2016
1866
1826
1707
1642
1587
1537
1349
1277
1199
1231
1168
1014
917
805
775
800
758
735
707
729
698
618
674
523
530
539
540
499
490
489
502
449
413
362
337
341
308
306
275
247
248
214
212
219
221
184
202
194
226
195
217
186
220
204
187
