LeslieM
79
92
122
120
125
122
136
166
175
155
181
164
207
185
223
235
237
222
228
181
275
198
251
227
236
237
263
273
279
292
313
323
693
838
1076
1409
1355
1440
1644
1539
1593
1647
1543
1553
1664
1518
1467
1441
1380
1257
1239
1191
1179
1167
1214
1223
1250
1239
1248
1294
1370
1555
1734
1918
1971
1976
2136
2306
2213
2205
2135
2297
2356
2280
2230
2232
2053
2099
1937
1756
1676
1618
1651
1554
1446
1419
1238
1064
1012
1043
1013
987
838
792
691
681
534
607
524
530
507
500
431
414
367
331
380
290
318
327
295
279
216
200
207
186
175
158
123
120
137
125
96
101
90
102
82
82
76
76
47
54
50
36
61
