LeslieF
8
11
9
7
15
10
8
12
23
23
20
28
22
26
36
22
27
34
24
18
30
29
37
24
30
35
29
34
41
35
52
35
49
52
68
88
101
99
127
114
92
126
121
151
142
139
140
126
102
102
132
101
94
123
125
162
179
177
176
179
255
505
834
1137
1202
1703
2139
2358
2306
2417
2329
2540
3575
3905
4146
4401
4385
6101
6007
5654
5238
5671
5783
5858
5600
4874
4996
5320
5282
5836
5621
5111
4181
3955
4463
4106
4310
4251
4341
4498
4778
4934
4982
4243
3815
3607
3220
3196
3077
2864
2828
2550
2481
2295
2396
2311
2664
2821
3078
3341
3620
3612
3522
3637
3499
3122
3036
2690
2325
1979
1564
1285
1219
1111
1000
