LesterM
109
87
134
116
123
141
160
168
189
213
226
191
240
243
291
295
318
310
298
290
431
332
385
400
398
432
482
491
509
501
556
657
1443
1736
2164
2943
2907
2854
3229
3020
3068
3077
2950
2768
2779
2558
2535
2441
2229
2105
2022
1916
1815
1644
1686
1624
1546
1577
1603
1547
1591
1563
1750
1764
1649
1618
1668
1943
1782
1750
1763
1720
1720
1781
1756
1685
1701
1639
1457
1335
1314
1288
1115
1103
996
954
773
731
748
718
681
629
588
506
471
497
477
453
387
422
466
438
398
398
345
321
302
277
309
314
260
286
250
251
207
178
170
165
130
168
138
137
133
140
135
124
142
115
138
126
118
101
102
122
105
