LeviM
112
104
105
85
91
79
97
75
91
88
74
68
77
75
68
72
68
59
61
63
95
41
55
68
68
63
56
61
75
82
69
87
116
137
193
218
214
203
251
285
255
270
264
233
230
232
251
250
189
222
196
202
192
169
197
183
168
168
201
166
164
167
182
177
184
178
174
183
187
177
192
230
219
191
214
206
199
177
183
183
178
169
164
154
162
106
148
150
138
133
146
198
211
207
277
393
419
444
536
963
1056
1364
1135
961
1032
1145
1160
1393
1610
1781
1716
1725
1913
1975
2099
2258
2113
2209
2158
2154
2186
2172
2309
2345
2594
2739
3017
3199
3682
5009
5990
6637
7211
7403
8013
