LewisM
517
439
441
431
477
437
431
343
412
414
375
357
399
364
359
377
386
378
352
352
469
309
385
335
402
384
365
427
489
477
555
654
1247
1384
1767
2307
2374
2477
2593
2430
2687
2712
2555
2619
2670
2575
2445
2498
2337
2229
2244
2156
2112
2038
2062
1971
1856
1836
1882
1855
1900
1972
2181
2179
2042
1835
2154
2438
2143
2081
2029
1999
1992
1854
1833
1775
1764
1674
1670
1535
1394
1334
1279
1282
1250
1117
1055
1062
964
944
1002
934
804
750
709
660
679
664
625
700
647
609
592
593
555
559
581
571
570
560
579
574
544
459
431
378
428
371
352
412
354
337
349
321
334
327
331
337
383
324
323
370
375
384
461
