LilaF
36
42
65
69
73
62
69
74
88
113
120
128
147
167
161
175
201
176
208
190
268
181
239
206
259
211
242
218
254
259
311
302
396
430
560
684
708
678
748
749
840
894
919
1063
1052
1250
1084
1061
1033
1106
1204
994
949
859
844
753
645
578
531
482
529
521
483
487
414
368
386
411
421
388
351
364
413
338
361
355
428
362
293
304
291
262
195
234
226
167
146
126
114
141
123
112
132
135
147
103
112
118
114
137
150
149
149
123
97
132
114
112
103
126
124
133
109
106
139
124
131
155
224
312
306
394
414
491
599
679
1006
1356
1851
1934
1969
1920
1726
1695
1768
