LillieF
647
678
810
837
911
979
995
1072
1249
1289
1390
1247
1503
1351
1432
1414
1483
1401
1522
1350
2004
1382
1533
1485
1364
1481
1500
1536
1471
1634
1824
1690
2003
2030
2287
2687
2825
2930
3112
3262
3161
3118
3200
3035
2981
3119
2842
2864
2621
2439
2365
2121
2218
2060
1977
1953
1866
1899
1815
1652
1691
1655
1717
1596
1525
1401
1487
1440
1455
1387
1322
1171
1127
1068
1049
914
832
794
682
664
603
509
490
392
458
377
307
293
217
227
202
219
173
153
140
102
106
88
105
116
119
119
104
97
96
87
91
88
88
113
115
120
118
105
135
137
181
187
242
271
301
324
388
422
497
598
637
669
652
749
681
642
617
582
604
