LillianF
672
723
830
907
1109
1143
1282
1308
1656
1640
1862
1812
2154
2193
2441
2495
2702
2683
3061
2703
3414
2681
3063
2972
3139
3185
3293
3542
3634
3596
4127
4367
5568
6015
7354
9546
9592
9843
9986
9515
10049
9769
9428
9327
9094
8355
7661
7185
6571
5711
5451
4805
4352
3998
3972
3423
3116
2899
2824
2554
2523
2460
2489
2394
2118
2017
2159
2089
2115
1944
1887
1823
1731
1660
1627
1655
1630
1602
1421
1470
1431
1309
1307
1166
1064
1015
879
841
814
773
782
676
620
564
482
455
479
471
399
439
510
518
475
451
468
542
553
531
646
695
722
768
749
736
881
942
1127
1393
1716
2190
2598
2949
3396
4029
4731
5210
6229
6544
6806
6850
6948
6909
7150
7062
6898
