LillyF
64
55
70
62
63
80
85
83
124
95
104
98
109
114
127
108
121
86
133
107
154
105
126
123
133
130
137
144
137
125
129
154
168
179
229
280
316
298
319
298
309
339
304
316
301
283
305
283
271
252
243
199
224
209
216
157
198
188
223
177
167
196
195
153
163
140
149
152
152
129
138
170
135
127
133
139
163
146
122
144
137
157
143
117
108
122
103
79
92
75
75
77
60
68
65
60
42
60
64
60
59
70
75
51
47
74
73
62
99
102
108
102
121
127
135
207
234
331
413
488
659
782
911
1187
1613
1904
2276
2399
2685
2824
2882
2862
2780
2604
2554
