LilyF
41
46
63
62
60
88
75
59
102
84
96
73
98
83
108
101
100
113
92
115
126
89
99
95
105
134
82
104
102
109
154
130
245
212
252
343
373
330
388
368
386
407
418
418
409
363
344
365
346
302
304
268
245
242
216
210
202
178
195
168
186
166
173
160
154
142
122
138
139
131
135
134
134
130
144
164
159
149
149
127
127
128
119
124
132
94
112
94
99
116
126
122
140
103
107
121
134
106
111
153
188
222
206
206
224
241
291
308
397
415
396
470
523
555
647
852
1092
1355
1751
2123
2731
3193
3834
4434
5400
6088
6764
7495
8114
8093
7975
8172
7950
6976
6760
