LindaF
27
38
36
49
33
60
49
50
77
74
54
78
83
82
94
96
104
81
102
98
126
86
91
90
101
106
98
102
93
105
137
130
189
238
219
290
297
291
322
282
349
367
365
423
454
438
479
516
554
509
493
534
774
786
1001
1197
2439
4380
7047
10714
18368
23715
31611
38437
38411
41464
52708
99680
96211
91010
80439
73947
67092
61264
55371
51279
48067
44495
41898
40409
37314
35574
31462
27715
23633
19339
15560
13199
11368
10248
8734
7379
5746
4735
4085
3525
3141
2909
2936
2739
2805
2730
2787
2473
2334
2113
1951
1929
1844
1844
1658
1608
1580
1487
1281
1233
987
1095
970
898
849
837
769
739
727
745
698
659
611
550
476
488
448
441
470
