LionelM
8
0
5
7
6
5
11
13
9
9
14
17
9
19
20
19
20
19
21
18
26
20
19
30
20
25
27
30
30
34
33
74
119
129
169
224
205
255
266
253
273
333
302
329
325
308
295
318
297
265
281
290
311
322
334
282
291
247
280
277
260
286
275
284
303
305
329
350
339
336
365
340
338
389
354
326
407
336
362
414
464
420
407
384
368
291
292
292
266
283
239
262
215
239
212
252
266
252
249
243
304
290
354
420
442
402
327
310
249
267
231
204
191
204
160
169
130
121
157
136
148
154
122
128
122
144
137
151
161
173
228
282
275
317
388
