LisaF
6
0
0
0
0
0
0
0
0
0
5
0
0
7
0
0
0
0
9
5
0
7
0
0
9
9
7
16
12
14
11
13
15
14
17
17
15
15
23
13
31
15
12
22
34
29
41
21
33
31
47
53
80
78
89
93
125
163
193
250
328
423
468
598
1175
1701
2845
3604
5907
8538
11017
15134
20209
25692
33704
42700
46081
56037
54277
60271
56913
52435
49534
45028
38965
32907
27547
22667
19776
18131
17349
17015
17034
17285
15661
14293
12642
11467
10236
9015
7900
7548
7262
6573
5344
4396
3781
3224
2565
2237
1865
1545
1363
1112
1088
908
830
811
709
618
607
524
507
420
396
395
395
351
375
