LloydM
104
87
121
98
122
109
144
127
175
167
182
185
268
211
253
263
308
258
265
287
337
285
344
299
324
369
357
386
394
412
545
590
1227
1521
1884
2653
2926
3416
3741
3238
3454
3539
3366
3387
3349
3321
3280
3325
3160
2946
2837
2703
2588
2414
2339
2292
2161
2153
2215
2087
2066
2252
2460
2445
2307
2219
2495
2626
2388
2332
2121
2300
2275
2162
2120
2025
1980
1920
1836
1872
1733
1685
1537
1551
1459
1296
1115
1081
1003
969
993
947
753
695
632
636
534
559
517
553
561
560
506
471
431
447
410
419
387
405
391
341
343
289
290
254
210
227
165
187
166
174
158
133
135
142
162
152
161
131
127
145
128
136
119
