LoisF
53
53
64
76
84
105
116
129
120
154
175
206
242
260
308
311
388
457
466
415
577
488
594
664
727
763
799
899
1023
1157
1272
1508
2146
2561
3432
4775
5149
5485
5877
5976
6560
6899
6946
7814
9299
9573
9820
10504
10423
10291
10114
9350
9518
8651
8386
7992
7228
6932
6504
6034
6126
6106
6404
6133
5529
5146
5699
5720
5076
4914
4505
4533
4363
4218
3953
3420
3221
2874
2621
2484
2272
2102
1783
1580
1409
1205
918
755
669
565
518
459
344
311
284
222
189
183
202
174
154
187
176
149
134
128
122
109
119
118
93
109
84
90
96
98
94
98
88
75
76
83
84
73
64
65
87
82
84
80
69
69
93
78
100
