LolaF
138
129
174
172
197
191
191
246
304
312
346
337
388
385
407
446
450
487
534
437
584
493
565
547
624
624
616
639
623
634
685
712
903
965
1031
1420
1372
1493
1567
1617
1580
1540
1478
1512
1538
1470
1443
1531
1292
1269
1270
1200
1194
1123
1091
950
960
865
895
840
866
836
889
825
825
689
698
710
664
620
630
651
618
533
557
634
518
483
432
485
412
399
340
327
336
278
228
187
186
172
169
180
155
159
154
152
200
132
152
136
151
105
108
83
67
68
66
74
73
57
70
47
51
31
40
45
40
68
63
71
144
182
321
436
555
843
1196
1261
1409
1463
1473
1312
1378
1491
1386
