LonnieM
53
77
78
91
88
74
88
76
101
106
107
117
120
114
138
120
159
114
129
119
186
148
138
145
133
179
156
182
169
209
217
213
327
351
468
546
567
597
658
592
740
643
704
670
716
708
659
709
707
722
717
719
761
736
753
759
749
854
997
1070
1102
1203
1316
1463
1434
1464
1775
2083
2038
2017
2004
1940
1886
1927
1968
1856
2012
2045
1775
1775
1704
1593
1563
1575
1600
1502
1430
1325
1444
1387
1383
1271
1099
984
922
873
834
848
699
735
695
639
653
519
505
474
419
399
415
417
377
394
354
317
321
265
245
223
194
205
194
179
177
148
153
165
166
110
149
138
125
112
114
116
119
