LoraF
74
80
55
76
72
113
109
90
107
138
130
135
140
146
177
166
179
169
157
154
176
159
166
145
144
185
175
145
167
174
173
199
245
252
270
341
366
398
401
333
373
363
341
353
361
347
280
345
296
305
322
294
291
295
245
274
268
272
319
282
280
271
251
278
265
285
338
371
401
386
514
446
522
516
603
583
688
738
801
890
1203
1330
1344
1599
1578
1385
1357
1389
1514
1474
1202
1068
890
725
696
666
656
650
621
593
535
491
491
458
426
435
345
351
304
295
267
204
227
170
183
154
138
131
98
113
125
101
78
87
103
91
71
71
57
68
52
55
57
62
66
