LorenaF
29
27
34
42
41
49
67
68
75
76
82
76
95
96
106
111
118
117
129
140
178
130
146
143
140
145
141
178
152
169
212
184
238
259
328
395
391
436
397
402
440
423
367
342
350
318
266
258
259
249
213
178
198
175
193
182
161
196
181
163
163
171
165
157
147
153
139
168
142
147
137
133
143
130
169
168
171
195
191
218
278
299
306
325
338
344
353
409
428
452
517
555
520
597
639
621
605
577
577
647
818
724
654
609
649
737
662
589
520
589
690
746
713
668
756
658
800
666
581
554
510
460
538
489
467
488
404
385
409
285
263
223
187
198
201
