LorenzoM
48
32
41
20
30
27
25
25
36
24
24
30
29
21
25
26
35
31
40
18
42
30
27
26
29
37
47
36
48
47
46
62
95
94
133
161
176
192
168
165
190
204
211
217
217
231
230
213
226
222
211
194
196
219
224
213
191
213
235
239
206
260
245
260
275
236
289
323
344
355
381
398
449
442
524
537
561
561
519
530
655
636
599
634
654
591
605
512
511
528
561
573
522
513
568
558
553
481
527
523
584
621
626
662
742
801
716
804
751
760
826
839
762
949
928
982
1020
945
955
946
922
888
987
961
1075
1028
1108
1171
986
953
964
1029
1087
1510
1632
