LorettaF
41
58
72
76
94
91
141
134
157
172
228
212
263
323
330
365
391
406
454
410
535
438
461
505
506
527
520
520
566
573
655
739
978
1074
1323
1810
1903
1970
2051
2067
2122
2134
2095
2143
2260
2256
2108
2019
1995
1938
2484
2576
2748
2704
2976
3369
3322
3670
3910
3771
3501
3100
3406
3171
2746
2658
2892
3000
2868
2777
2723
2487
2616
2665
3241
3430
3408
3346
3309
3157
3188
2927
2512
2505
2228
1840
1899
1803
1626
1542
1367
1301
1049
972
956
777
671
570
482
497
418
489
413
346
308
287
297
269
251
201
207
184
141
138
135
123
138
109
102
102
92
75
75
80
89
102
112
104
108
84
96
109
122
119
177
