LorenM
22
22
35
22
19
20
22
23
23
22
26
24
29
20
30
30
32
36
19
30
44
44
33
38
37
47
47
45
46
66
66
77
201
223
273
392
434
424
524
479
530
491
557
579
636
638
607
607
611
552
538
575
539
547
570
573
546
486
574
626
586
562
672
678
612
623
651
694
667
651
641
668
672
690
687
715
643
651
630
611
659
641
629
692
709
655
619
566
571
614
564
470
433
393
357
341
371
340
362
379
392
380
385
420
390
377
366
334
300
289
261
289
255
224
221
183
152
167
142
124
138
119
125
100
106
112
94
90
67
63
70
81
74
51
77
