LorraineF
6
0
9
5
7
6
20
20
25
21
31
28
36
48
45
56
75
75
119
101
103
125
126
149
159
192
253
269
310
365
554
724
969
1323
1671
1961
3874
3978
3929
4532
4669
4764
5107
4982
4892
5727
5984
5351
5164
4585
4162
3797
3775
3402
3171
2938
2741
2592
2582
2686
3009
3016
3044
3207
3886
4412
3745
3458
3346
3481
3463
3309
3463
3372
3426
3418
3160
3142
3332
3112
2949
2591
2355
2060
1743
1522
1329
1249
1160
977
774
734
635
656
543
494
506
523
501
490
471
430
379
413
356
374
363
332
341
306
279
278
213
215
185
159
143
151
164
125
118
130
128
97
110
157
122
100
82
107
87
122
113
