LottieF
245
289
319
372
397
393
450
414
511
498
502
501
547
532
597
553
574
523
586
584
690
498
537
509
497
547
529
512
580
583
634
620
772
837
1053
1238
1389
1362
1379
1367
1240
1208
1090
1098
978
851
774
769
658
674
556
508
462
467
445
392
370
366
313
358
327
332
319
284
281
255
219
262
263
256
211
190
202
171
199
149
157
129
138
135
115
113
90
95
97
82
69
69
74
55
56
62
52
32
54
35
40
43
24
25
37
26
37
26
32
25
31
23
32
25
28
26
28
22
14
20
19
22
18
22
13
18
22
29
22
19
19
22
30
33
32
38
59
47
67
