LouisaF
126
142
128
143
147
138
136
138
152
170
168
125
140
129
139
112
138
109
111
101
144
99
87
96
103
83
78
106
101
96
84
96
90
159
173
188
225
207
193
205
192
199
165
184
193
200
164
153
156
158
164
119
142
126
120
102
125
112
115
102
135
123
104
117
123
112
130
159
127
155
138
138
148
162
149
145
141
122
153
143
151
155
143
146
141
145
134
110
122
125
122
118
92
101
86
98
91
100
99
97
116
126
129
115
122
99
89
99
73
104
106
108
121
89
94
95
129
112
123
106
89
103
118
99
119
116
119
126
124
139
162
197
222
245
278
