LouieM
33
31
46
42
44
43
36
31
48
40
39
27
48
40
42
46
45
49
55
50
61
58
60
44
67
71
54
72
63
78
95
90
177
210
268
360
354
392
396
442
421
427
459
464
460
421
424
379
389
382
392
348
358
346
345
344
344
332
322
348
333
336
342
332
339
328
350
364
394
391
365
379
330
344
315
342
313
347
379
322
330
332
263
268
261
252
213
176
224
176
208
193
212
206
178
159
148
151
140
175
147
145
141
129
123
119
128
139
132
117
146
144
108
121
90
96
103
105
121
100
108
86
88
86
84
98
108
96
101
108
125
131
143
147
172
