LouiseF
635
617
813
847
962
956
1061
1088
1334
1283
1472
1333
1446
1447
1571
1582
1531
1563
1693
1536
2070
1640
1832
1935
2136
2367
2307
2619
2937
3019
3457
3725
5116
5577
6648
8313
8630
8584
9110
8812
9180
9181
8887
8882
8853
8272
7982
7700
7053
6903
6940
5895
5645
5079
4973
4568
4351
4379
4066
3958
3923
3910
4339
4041
3841
3514
3926
4050
3684
3423
3253
3010
2977
2966
2691
2431
2240
2311
2005
1962
1786
1539
1400
1318
1147
943
875
659
621
602
541
443
340
314
230
228
204
208
200
209
235
225
255
198
209
194
163
169
160
156
182
187
146
134
111
113
94
110
98
117
111
108
110
112
94
92
90
107
107
102
150
124
153
196
200
