LouisM
828
746
852
796
886
809
846
791
884
837
860
786
865
816
869
913
871
831
862
770
1098
797
912
889
936
981
1101
1111
1317
1231
1569
1838
3591
4258
5495
6518
6817
6771
7084
6660
6967
7246
7097
7076
7038
6800
6513
6664
6293
5994
5811
5420
5135
4691
4678
4616
4419
4355
4390
4224
4324
4439
5152
5031
4677
4480
4919
5777
5384
5232
4955
5091
4916
4981
4843
4778
4900
4691
4447
4305
4128
3961
3593
3623
3585
3275
2991
2898
2710
2626
2646
2519
2107
1903
1936
1813
1782
1861
1756
1838
1788
1803
1695
1762
1709
1682
1682
1683
1704
1836
1820
1726
1616
1581
1410
1359
1283
1309
1180
1142
1134
1096
1142
1101
1050
1001
1001
936
906
883
916
919
1056
1066
1220
