LuciaF
15
16
20
24
22
23
33
15
34
38
31
35
37
36
32
25
34
36
49
32
42
41
41
25
46
42
58
56
44
69
64
65
88
110
125
140
167
153
191
157
147
182
189
171
182
154
185
186
192
172
180
162
185
166
161
154
174
156
161
142
158
169
182
182
167
168
198
203
221
223
208
253
258
259
265
289
219
243
233
266
259
285
226
251
292
251
264
247
252
208
252
226
228
216
196
255
278
267
270
275
316
322
317
301
334
367
340
330
312
396
399
397
401
429
377
382
400
378
370
433
552
550
523
625
741
852
976
1089
1096
1080
1237
1325
1303
1323
1427
