LucilleF
40
48
85
66
94
100
139
149
179
208
241
252
380
368
440
532
637
648
795
812
1182
894
1087
1193
1351
1533
1676
1853
2080
2192
2692
2740
3763
4098
5320
7006
7241
7528
7902
7855
7988
7698
7151
6914
6746
6397
5759
5635
5091
4501
4327
3856
3649
3114
2947
2887
2631
2638
2478
2312
2270
2205
2297
2251
1985
1885
1957
1998
1854
1753
1550
1478
1455
1493
1328
1142
1044
947
819
792
676
634
527
499
477
414
358
300
272
259
236
202
158
121
131
105
135
120
88
106
125
100
109
124
97
94
95
96
96
113
112
99
89
113
131
115
119
132
142
163
154
192
199
252
284
322
385
380
503
534
630
665
788
874
970
