LucindaF
63
88
93
92
86
84
90
92
97
84
101
98
122
87
104
98
124
96
118
94
123
95
91
92
101
107
106
105
112
103
123
120
146
159
138
182
215
186
185
188
201
168
183
201
164
179
163
139
157
159
141
111
128
120
132
141
128
157
157
169
203
273
282
334
313
360
411
596
751
842
792
797
908
977
996
846
925
1023
897
823
809
811
721
679
689
614
521
505
593
756
624
527
420
359
349
318
287
242
251
265
285
293
244
231
228
231
200
163
156
170
158
136
109
103
98
93
93
113
74
134
110
111
145
127
116
128
137
165
182
166
190
165
186
162
143
