LucyF
590
611
673
663
787
711
817
811
964
893
973
944
1057
1036
1077
1016
1074
984
1144
1018
1246
979
1065
990
1086
1132
1077
1152
1118
1175
1283
1309
1636
1855
2298
2814
2877
2929
3108
3007
3018
3157
2977
3001
2979
2765
2544
2544
2318
2128
2121
1827
1830
1746
1647
1510
1447
1449
1428
1408
1380
1443
1337
1316
1207
1145
1235
1323
1344
1398
1289
1267
1416
1562
1533
1401
1364
1350
1252
1207
1133
1081
1011
932
950
869
754
685
670
582
504
428
416
347
384
327
346
310
290
350
439
436
468
408
424
485
499
506
511
545
550
517
519
524
536
576
647
700
699
812
979
1040
1209
1472
1637
1962
2256
2569
3066
3176
3633
3697
3806
3943
4286
