LuisM
12
12
13
8
14
11
12
9
9
11
8
9
10
10
17
9
14
8
12
14
21
16
19
20
25
19
19
31
38
36
39
45
76
83
104
104
105
114
144
209
216
241
276
321
334
269
315
372
322
377
372
274
302
249
294
270
229
264
311
241
242
256
258
319
349
366
387
462
589
673
659
730
774
882
1019
1011
1088
1119
1222
1279
1335
1407
1453
1455
1566
1526
1658
1743
1780
1985
2286
2230
2276
2271
2451
2422
2388
2497
2396
2756
3356
3341
3325
3317
3259
3704
4020
3915
4323
4846
5788
5889
6163
6406
6362
6172
6404
7127
7198
7205
7657
7487
7377
7579
7491
7461
7918
8046
7130
6135
5126
4689
4364
3997
3895
