LukeM
43
42
44
38
39
50
50
47
45
44
42
23
42
48
32
53
45
44
38
35
70
37
41
46
40
53
57
45
52
57
71
62
83
115
168
157
183
163
176
165
166
165
190
185
206
165
161
158
148
154
141
142
165
110
122
121
116
113
123
116
115
122
110
126
117
117
130
151
155
154
172
167
158
171
196
220
248
290
337
353
424
416
427
422
446
403
357
348
388
451
539
533
575
637
727
777
917
1243
1889
2472
3108
3017
2477
2649
2469
2742
2651
2588
2620
2708
2880
3015
4064
4351
4094
4628
5015
4952
5282
6133
7144
8004
8692
9297
9592
10003
10082
9602
9412
8614
8835
8697
8998
9558
10480
