LulaF
621
655
780
790
916
949
1040
891
1173
1067
1121
1010
1098
1034
1042
987
1012
971
1069
894
1237
905
976
913
894
963
911
905
892
922
975
970
1094
1179
1345
1537
1676
1607
1771
1776
1765
1779
1756
1673
1777
1707
1564
1586
1374
1332
1315
1155
1228
1088
1125
1085
1100
1089
971
924
818
825
851
783
719
721
679
688
595
650
530
528
478
405
403
343
329
308
258
236
241
206
168
145
177
109
97
97
68
65
70
59
60
61
63
53
42
34
32
27
30
26
26
21
16
22
18
14
16
20
10
16
14
14
18
9
6
9
7
13
13
9
15
17
19
35
29
45
51
57
67
69
93
99
87
