LutherM
260
249
284
229
273
259
253
267
275
270
253
236
295
271
285
269
265
271
275
248
316
244
266
265
286
308
262
280
292
347
383
394
664
747
991
1198
1287
1304
1416
1378
1381
1452
1478
1333
1395
1334
1297
1256
1152
1120
1107
959
960
878
862
832
803
863
829
761
825
841
859
843
854
705
808
826
832
743
764
679
741
688
670
697
612
581
525
517
530
491
460
441
450
395
365
285
319
335
347
318
292
249
242
236
244
234
219
235
206
231
228
214
181
172
185
155
173
190
176
144
136
147
126
105
102
101
107
88
102
90
87
81
70
99
91
85
85
77
73
78
80
87
97
