LydiaF
302
299
342
378
369
404
392
448
472
496
576
507
522
598
618
656
580
642
677
566
644
507
535
502
545
518
477
512
499
503
537
568
701
759
839
1086
1148
1180
1148
1059
1118
1052
1025
966
912
954
812
875
816
745
687
646
630
667
633
669
688
687
677
681
725
682
854
865
807
855
886
1048
1221
1242
1127
1150
1326
1562
1556
1586
1548
1619
1577
1561
1668
1573
1411
1291
1183
1080
955
878
864
810
924
845
753
677
724
668
745
764
703
804
862
938
1051
1023
1200
1215
1126
1207
1170
1259
1405
1378
1409
1420
1599
1753
1805
1931
2063
2170
2307
2353
2498
2626
2620
2768
2661
2764
2870
2819
2830
3082
3163
3246
3626
