LyleM
7
6
12
7
12
13
12
17
22
18
22
31
29
29
48
40
35
39
56
42
49
60
48
66
74
61
93
76
75
72
117
128
325
342
495
719
805
855
993
877
967
1007
1055
1011
1000
1012
1051
1055
1000
1006
947
942
969
916
937
935
910
875
789
833
865
939
891
883
812
766
859
904
864
835
826
814
898
890
890
822
793
836
769
762
734
658
644
574
515
456
435
377
435
434
466
395
314
287
271
246
222
279
234
246
268
246
224
247
255
246
297
253
248
252
257
178
189
159
149
143
117
122
97
93
101
100
107
117
79
83
104
87
78
86
101
136
132
168
172
