LynnF
5
0
0
0
0
5
5
0
0
0
0
5
0
11
0
0
6
7
8
9
8
6
9
9
11
14
14
14
18
18
23
25
28
32
45
44
56
58
69
64
62
60
76
71
80
100
92
128
115
112
158
177
244
289
305
339
384
498
723
872
955
1259
1749
2066
2260
2730
3884
4994
4609
4880
5021
5624
5814
5994
6780
7351
7738
7434
7220
7059
6852
6444
6218
5826
5679
4668
4306
4197
4102
3647
3263
2673
2251
1935
1646
1423
1148
1100
1108
1070
1015
952
834
789
706
603
515
475
469
420
398
337
286
264
260
211
209
181
168
164
168
153
138
142
126
150
119
137
107
93
111
109
91
91
87
