LynnM
30
21
27
33
27
25
25
23
17
44
27
34
39
35
28
46
37
27
44
31
41
27
39
34
40
28
40
48
50
67
63
66
156
192
232
305
320
345
362
346
412
366
382
391
410
435
369
446
469
415
457
426
495
529
564
555
613
703
810
886
1046
1349
1395
1441
1289
1217
1529
1779
1572
1580
1626
1668
1591
1549
1418
1334
1250
1270
1051
1009
960
890
832
716
646
515
484
439
456
431
381
340
293
268
225
193
182
149
152
143
169
171
123
102
103
110
89
84
83
86
77
66
58
57
52
45
31
36
34
40
49
27
37
29
22
22
17
18
21
19
19
30
27
20
16
