MabelF
808
893
997
1086
1270
1349
1422
1494
1830
1947
2058
2029
2170
2191
2221
2359
2283
2222
2331
2127
2509
2097
2280
2163
2172
2178
2054
2069
2096
2007
2123
2171
2714
2741
3130
3683
3680
3499
3636
3405
3364
3337
2893
2694
2652
2293
2075
1956
1742
1515
1368
1060
1111
873
852
826
743
696
673
592
550
507
513
478
386
344
334
345
311
253
228
200
217
197
172
194
182
174
132
140
134
139
126
122
124
94
84
72
71
86
60
75
67
65
82
68
76
64
62
70
75
86
75
73
75
67
72
85
103
64
78
75
80
65
75
53
58
42
77
90
75
82
93
97
90
106
116
127
139
147
177
196
241
393
427
