MableF
83
88
125
120
139
180
187
182
209
231
247
268
279
294
332
331
367
371
356
339
506
425
478
461
486
562
510
569
566
586
679
659
919
907
1081
1287
1520
1463
1593
1610
1579
1565
1620
1472
1517
1405
1390
1247
1152
1059
978
897
908
803
761
723
713
690
641
639
589
538
576
541
436
451
474
471
419
425
356
355
324
265
247
327
250
174
198
162
162
124
130
105
106
84
80
59
52
49
45
40
34
35
34
27
26
23
20
24
29
20
27
18
15
19
11
21
13
11
11
8
13
10
6
13
12
9
8
16
31
12
11
7
10
12
20
19
17
14
17
10
21
22
22
