MackM
104
80
145
98
119
104
97
109
96
110
114
127
135
115
119
140
148
159
153
160
250
114
147
131
158
151
132
142
183
154
213
197
295
292
361
434
485
480
556
579
533
529
620
550
546
570
534
552
518
508
504
484
513
419
466
449
454
471
459
416
458
434
839
628
615
541
564
515
547
504
483
487
456
437
455
393
396
401
364
338
327
309
297
306
331
273
238
236
230
171
199
186
156
163
192
163
184
168
184
150
148
123
149
131
127
112
120
128
132
135
108
112
109
108
117
85
84
91
110
95
93
100
94
116
106
123
133
138
163
204
181
181
210
269
284
