MadeleineF
5
0
6
14
8
11
21
25
14
32
38
39
35
48
52
48
43
47
51
58
45
44
52
51
41
57
41
51
66
52
76
130
118
157
177
157
160
180
166
225
242
237
201
225
223
222
202
171
173
134
132
114
122
101
103
114
150
166
192
192
208
285
219
138
157
186
217
231
217
186
149
146
144
123
128
127
111
96
126
100
111
110
103
83
82
65
63
46
44
39
41
40
39
41
42
33
40
41
46
55
47
45
69
74
95
165
217
240
278
402
473
527
661
923
986
1085
1301
1423
1141
1153
1118
1069
963
959
968
979
1162
1251
1000
993
980
1091
1142
1148
