MadelineF
22
14
29
31
51
41
45
53
80
88
96
125
158
190
214
237
279
290
337
316
389
341
355
400
393
411
418
449
457
466
560
628
942
1084
1381
1670
1644
1728
1745
1660
1780
1836
1731
1756
1745
1506
1397
1374
1251
1180
1144
924
900
822
794
714
727
754
847
888
872
942
1253
1107
907
781
926
972
939
901
759
748
661
635
587
604
564
514
587
608
573
569
581
513
526
464
425
405
360
359
353
315
271
312
262
271
254
244
225
234
232
257
260
265
285
382
853
875
918
1167
1492
1980
2270
2608
3516
4431
4911
5313
5868
4571
5370
5221
5113
4974
4764
4528
4476
4702
4816
4299
3602
3426
3158
3368
3429
