MaeF
344
314
406
423
542
578
641
680
836
883
920
933
1101
1071
1134
1193
1148
1144
1239
1035
1406
1140
1261
1192
1214
1284
1225
1375
1384
1230
1453
1449
1775
1814
2049
2486
2607
2507
2756
2634
2730
2589
2403
2426
2370
2332
2261
2073
1808
1764
1651
1461
1454
1289
1384
1266
1136
1069
1086
1060
1018
993
997
876
869
853
805
858
884
791
738
731
640
638
555
577
464
456
374
369
347
360
260
246
205
189
181
147
112
127
120
75
92
90
87
87
69
75
71
65
79
59
64
60
63
56
54
58
54
58
59
64
53
45
66
61
56
68
83
99
132
112
140
119
151
175
207
208
229
239
259
337
371
419
413
