MaggieF
582
532
627
663
749
716
756
740
882
825
891
841
883
886
895
890
871
760
876
814
1045
746
853
780
805
809
839
846
772
794
940
822
1013
1019
1055
1269
1277
1268
1395
1427
1299
1300
1313
1249
1257
1215
1093
1089
1019
862
794
742
733
679
726
686
661
634
580
566
513
539
546
565
516
440
468
529
483
419
445
386
405
337
347
347
287
297
303
348
325
308
269
273
245
175
178
212
176
171
172
213
236
341
354
408
405
410
343
469
460
487
601
738
843
945
827
877
888
840
958
937
1040
984
1225
1137
1103
1054
1236
1423
1614
1819
1697
1718
1629
1656
1853
1871
1606
1425
1406
1387
1302
1380
1349
