MalcolmM
18
17
20
23
18
14
25
21
26
27
27
31
30
27
34
33
48
30
40
35
55
35
52
48
46
65
48
54
78
83
86
140
233
288
317
464
476
544
508
499
556
599
548
623
639
618
629
613
666
599
557
585
571
526
498
545
531
501
541
523
548
497
576
672
549
509
626
630
549
520
541
587
606
547
592
596
567
562
601
499
546
522
520
485
471
613
454
430
422
441
538
519
451
389
337
368
338
327
297
290
259
273
300
222
279
386
528
633
741
904
1158
1299
1495
1224
979
888
841
766
702
712
715
614
581
507
444
448
468
453
482
432
495
523
584
646
678
