MamieF
436
412
508
531
609
606
712
716
917
883
967
830
978
1011
1043
1119
1081
1006
1084
966
1337
992
1127
990
1041
1068
1002
1059
1028
974
1079
1095
1273
1245
1386
1629
1653
1689
1708
1793
1708
1627
1688
1606
1626
1503
1367
1353
1178
1150
1028
947
972
859
865
773
702
713
677
681
675
625
635
632
579
541
546
563
503
466
465
397
401
422
369
332
361
286
291
261
249
245
207
177
182
142
136
96
106
105
84
90
82
85
84
78
78
53
90
92
79
60
79
53
57
50
38
53
39
50
37
39
37
34
26
43
26
27
33
28
40
29
24
13
12
33
20
18
26
30
26
23
20
24
26
