ManuelM
75
57
92
74
90
90
70
72
101
81
96
85
96
96
99
98
104
86
95
97
174
150
118
151
149
157
204
184
220
243
288
340
469
624
794
976
1049
1158
1312
1361
1461
1555
1463
1543
1663
1554
1550
1601
1649
1625
1520
1311
1320
1189
1250
1148
1171
1131
1144
1141
1171
1119
1275
1429
1400
1391
1490
1678
1591
1643
1581
1647
1664
1571
1683
1669
1616
1637
1650
1648
1672
1667
1568
1613
1639
1501
1535
1575
1595
1676
1695
1685
1704
1712
1764
1800
1834
1739
1845
1909
1906
1958
2053
1869
1847
1974
1960
2084
2118
2208
2390
2496
2582
2432
2464
2364
2409
2322
2350
2353
2424
2313
2324
2246
2408
2661
2543
2413
2142
1951
1697
1553
1462
1466
1376
