MarcellaF
14
10
21
19
18
27
18
25
33
37
43
44
42
57
64
71
79
77
106
123
125
123
145
149
146
175
182
203
248
266
295
327
490
590
729
905
1002
1133
1343
1266
1404
1502
1537
1503
1476
1407
1185
1153
1192
1037
1034
958
943
816
800
737
673
664
654
633
714
678
648
694
639
588
659
720
657
678
673
695
678
650
694
652
672
634
657
612
627
680
671
684
630
588
541
521
529
507
511
498
436
396
372
385
327
296
325
340
356
313
299
286
277
240
281
238
273
224
272
245
280
224
209
197
184
223
236
236
206
200
230
197
194
174
194
184
186
167
155
171
168
161
158
