MarcusM
47
45
46
38
57
44
39
23
47
38
33
28
44
51
46
36
39
38
44
46
48
44
44
44
42
53
61
46
51
49
63
64
132
172
192
307
278
283
273
287
321
353
297
320
333
312
310
281
255
248
277
224
222
239
227
225
207
226
224
226
252
265
268
282
276
281
381
391
407
464
558
579
674
725
898
973
1061
1034
986
1206
1325
1312
1372
1322
1356
1374
1272
1475
1543
2220
4319
4412
3688
3717
3805
3972
3688
3845
4004
4048
4257
4510
4985
5630
5992
5587
5272
4944
5204
5397
5296
5068
4537
5059
5256
4645
4545
4182
4011
3865
3795
3694
3542
3390
3473
3469
3801
3662
3387
3404
3122
2801
2712
2518
2602
