MarciaF
9
13
10
23
20
23
19
18
26
26
20
28
36
42
24
31
27
26
33
23
36
20
31
38
26
36
46
39
61
54
57
69
99
113
132
178
171
208
256
325
361
451
428
492
461
449
487
538
540
584
692
800
950
1140
1267
1338
1596
1948
2167
2346
2272
2430
2669
2968
3139
3205
3946
4472
4643
4650
4953
5299
5206
5064
4742
4411
4062
3543
3354
3089
2690
2684
2428
2156
1932
1548
1419
1310
1142
1115
1285
1205
995
935
958
794
755
715
707
619
536
531
454
355
350
334
277
284
246
212
213
195
159
188
124
117
102
89
91
84
93
77
65
61
69
70
77
77
51
60
54
47
44
36
45
