MargaritaF
5
7
0
6
11
7
16
8
9
15
14
19
21
21
24
22
22
32
23
30
35
30
27
40
51
40
53
49
50
56
60
70
85
100
103
130
138
153
179
190
254
274
246
280
275
279
300
306
315
343
318
303
254
214
251
261
254
240
252
235
261
260
280
302
260
292
357
375
460
498
534
502
521
555
570
552
520
591
575
532
497
543
538
528
550
498
563
523
537
526
499
517
455
463
486
488
502
474
448
421
458
476
459
442
399
396
438
368
395
464
529
572
532
523
510
457
465
468
394
367
377
360
333
289
259
269
276
244
229
209
168
165
143
145
132
