MargueriteF
48
52
52
70
95
86
125
178
235
315
442
511
535
638
624
680
725
728
800
693
786
699
695
667
684
753
791
888
913
1036
1086
1113
1620
1822
2050
2687
3034
3161
3251
2835
3054
2897
2657
2358
2247
2060
1871
1694
1583
1361
1289
1191
1000
895
933
829
792
806
825
767
757
777
813
846
762
692
800
853
915
900
904
849
841
831
789
720
654
680
609
557
518
507
462
383
389
361
292
228
193
175
187
127
127
115
105
119
113
104
100
97
90
114
91
123
121
113
117
130
129
125
124
134
108
95
134
120
112
110
114
106
112
107
101
106
103
74
84
82
89
71
77
67
67
72
74
