MargieF
31
32
21
31
37
49
49
58
69
79
78
67
91
106
110
98
130
114
123
117
206
165
187
199
199
190
194
228
243
286
305
271
356
423
588
740
915
951
1064
1158
1353
2696
2855
2724
2830
2868
2715
2678
2436
2338
2242
2205
2423
2407
2374
2370
2341
2285
2425
2265
2266
2152
2193
2149
2004
1764
1946
2169
1928
1689
1472
1457
1412
1450
1489
1278
1270
1286
1289
1266
1174
1140
1347
1041
883
694
552
493
425
409
393
378
284
246
237
201
174
165
181
184
167
148
158
121
104
102
92
101
92
76
89
88
72
66
56
35
35
31
42
32
40
23
35
29
23
30
33
29
25
20
22
14
17
15
9
