MargaretF
1578
1658
1821
1881
2142
2204
2275
2419
2904
2917
3100
3065
3435
3565
3701
3931
4051
4146
4696
4249
5304
4424
5011
5046
5302
5690
6096
6713
6976
7359
8226
9279
12535
14486
17763
23055
24952
25560
27140
26237
27997
28466
26862
26134
26549
24465
23070
21960
20294
19206
18351
17334
16544
15241
15146
14718
14594
15144
15329
14950
15058
15695
16551
17148
16319
15683
18132
20101
18871
19454
18107
17690
17088
16205
15225
14433
13916
13011
12313
11572
11368
10541
10079
9305
9113
7792
6962
6226
5438
5045
4705
4001
3286
3169
3092
2952
2667
2624
2634
2830
2860
2791
2998
2942
3042
3069
3080
3144
3138
3285
3370
3194
3241
3166
3104
3220
3104
2963
2962
2957
3120
2895
2674
2623
2435
2311
2188
2025
1860
1762
1697
1698
1773
1769
1945
