MarianneF
5
6
0
0
6
5
8
0
0
5
0
0
8
12
9
11
11
12
11
13
19
19
21
33
49
41
90
86
117
152
156
177
179
155
204
201
238
250
239
245
224
267
387
605
791
612
602
600
620
632
682
646
730
695
846
1031
1220
1201
1195
1139
1235
1292
1425
1361
1401
1467
1550
1650
2031
1747
1615
3023
2070
1918
1781
1646
1496
1468
1209
1146
936
841
758
660
678
620
501
460
452
388
426
390
393
424
415
398
407
359
286
336
271
306
267
241
188
203
189
178
156
152
120
152
126
111
136
134
130
113
114
107
120
106
105
82
99
109
96
89
106
