MarionM
189
162
157
163
184
141
182
131
162
153
137
121
166
139
154
148
172
153
166
152
189
159
176
188
198
170
181
226
233
247
286
346
680
771
982
1295
1357
1416
1535
1488
1603
1716
1631
1669
1617
1615
1627
1593
1515
1448
1389
1313
1312
1195
1129
1182
1049
1115
1140
1033
1049
1025
1052
1066
955
840
946
959
936
838
821
856
783
775
828
713
745
608
584
543
541
562
490
457
456
431
349
344
367
341
304
344
299
298
266
245
241
229
206
232
204
187
183
136
169
154
164
137
168
149
136
144
130
100
86
90
117
131
132
107
102
106
120
158
137
166
155
146
140
119
124
102
109
96
82
