MarionF
115
110
141
184
181
198
273
254
322
331
386
413
497
532
587
856
987
994
1086
973
1197
963
1033
1042
1109
1141
1183
1251
1349
1445
1703
1744
2522
2854
3550
4456
5033
5371
5583
5158
5745
5813
5669
5711
6046
5577
5353
5210
5420
4632
4304
3766
3491
3199
2882
2813
2582
2309
2150
2068
2111
1986
2152
2124
1802
1602
1751
1847
1593
1520
1387
1341
1264
1279
1336
1147
1103
1053
1054
920
811
749
773
737
725
568
535
463
436
413
383
359
293
267
233
233
191
229
184
185
189
211
211
174
165
168
162
150
175
152
166
158
174
116
123
108
115
128
124
102
141
120
130
119
112
103
97
113
96
110
98
111
109
140
141
