MariaF
125
120
121
141
190
175
180
203
239
238
247
248
301
255
309
295
312
304
329
266
389
350
331
379
393
430
389
490
480
544
621
646
828
909
1117
1286
1261
1441
1543
1677
1936
2028
1928
1999
2290
2359
2350
2591
2562
2534
2541
2185
2042
1860
1993
1991
1980
1954
2008
2077
2137
2468
2817
2864
3361
3309
3962
4710
4814
5117
5079
5227
5693
5983
6582
6199
6735
6763
6892
7239
7526
7928
9079
9821
10129
9467
9110
8857
8368
8381
8662
8110
7693
7633
7772
7515
7338
7075
7009
7325
7857
7672
7342
6843
6117
6004
6127
5669
5702
6332
7181
7126
7081
6969
6753
6995
7593
7311
6814
7028
6851
6838
6381
6086
5750
5592
5594
5118
4583
4131
3415
3215
3029
2807
2757
