MarianF
56
39
42
47
61
64
55
85
92
90
112
108
164
140
124
265
267
309
343
336
408
296
338
355
406
455
498
556
579
641
806
884
1313
1452
1862
2612
3198
3267
3503
3262
3844
4064
3951
4028
4196
3979
3859
3720
3886
3447
3213
2861
2837
2637
2426
2264
2059
1904
1866
1837
1693
1678
1838
1793
1588
1447
1648
1606
1387
1363
1258
1234
1246
1366
4014
1497
1249
1350
1050
1069
1020
906
901
853
757
600
517
481
388
343
382
315
262
265
238
206
216
205
199
189
214
204
232
180
199
200
207
179
177
193
203
232
216
170
181
153
159
160
124
171
315
205
197
190
208
204
202
181
194
169
210
151
185
172
189
