MarieF
471
499
591
622
746
885
988
994
1258
1436
1563
1596
2066
2212
2649
3011
3087
3078
3435
3156
3856
3157
3423
3469
3595
3643
3690
3879
4076
4301
4790
5017
6642
7352
8829
11362
11683
11812
12587
12010
12745
12501
11912
11507
11580
10930
10628
10314
9292
9158
8427
7544
6909
6238
6325
6294
6131
6074
5961
5890
5542
6151
6557
5979
5295
5082
5759
6059
5784
5309
5223
5045
4974
4954
5313
4923
4795
4861
4488
4679
4723
4342
4021
4006
3789
3487
3082
2737
2374
2245
2188
2006
1762
1619
1512
1633
1764
1911
1863
1879
1946
1985
1921
1750
1586
1508
1523
1496
1436
1376
1340
1263
1164
1052
919
854
812
792
790
823
785
722
684
568
600
590
516
549
565
536
515
480
514
505
525
