MarioM
7
0
0
5
6
10
6
13
14
15
20
28
27
47
56
152
166
289
354
379
359
351
353
408
502
451
503
484
502
518
492
476
443
449
394
344
317
306
303
294
272
297
238
294
273
300
331
340
345
383
499
621
607
744
862
976
995
1073
1074
1209
1152
1186
1201
1322
1293
1315
1319
1357
1289
1292
1311
1354
1632
1902
1902
1929
2020
2061
2056
2030
2121
2228
2703
2936
2715
2657
2372
2348
2413
2474
2737
2889
2843
2821
2575
2623
2470
2466
2390
2378
2295
2261
2287
2333
2218
2261
2358
2259
2297
2295
2285
2161
1937
1706
1597
1442
1417
1361
