MarilynF
5
12
6
0
11
6
10
24
17
25
21
18
31
56
58
75
110
146
164
245
404
522
696
1698
2287
2860
3419
4371
5555
6067
6727
9285
9664
10568
9125
9381
10416
11066
9736
9745
9539
8700
8552
9905
10144
9737
9534
10710
11879
9936
9868
9284
9147
9799
10741
10812
8407
6930
5738
4944
4348
4069
3794
3608
3317
2793
2488
1996
1961
1576
1397
1255
1215
860
772
724
652
648
610
634
558
580
579
583
612
508
521
488
532
546
628
582
584
680
599
552
574
612
566
517
480
520
552
506
514
496
511
597
598
543
519
534
532
742
835
794
