MarjorieF
16
15
40
48
45
59
83
73
118
157
181
195
242
233
269
349
387
410
457
448
601
480
543
511
639
712
728
787
942
1082
1391
1722
2468
2922
3710
5119
5866
6399
7516
7336
8659
11208
10386
10217
10069
9306
8642
8114
7634
6985
6631
5882
5607
5042
4972
4482
4279
4091
4317
3907
3682
3517
3624
3607
3217
2930
3041
3449
3048
2785
2699
2585
2522
2539
2225
1970
1882
1589
1439
1483
1346
1312
1375
1282
1188
975
846
794
725
668
635
567
453
431
409
390
356
381
369
347
333
349
351
297
272
260
279
252
261
253
218
235
235
191
187
181
136
126
148
115
107
97
94
123
139
129
119
114
129
122
129
115
130
280
387
