MarkM
85
94
90
91
96
74
106
76
115
101
83
86
86
92
84
102
120
104
108
89
137
92
104
81
114
94
85
97
67
101
131
142
284
349
386
529
571
528
627
587
590
626
667
659
672
651
705
701
650
577
591
666
715
693
703
787
712
809
902
868
1165
1625
2042
2515
2742
3544
5334
7771
10267
13729
16625
21189
25668
29313
36194
42215
48804
52816
52671
56924
58735
57758
53520
49363
45284
38273
34811
34938
35429
33402
31504
25145
21508
20389
18915
16755
15521
15444
14868
14393
14154
13543
13869
13806
13210
13186
12602
11988
11702
11311
10680
9680
8742
8059
7485
6886
6597
6167
5890
5605
5223
4751
4221
4026
3767
3527
3243
2967
2909
2570
2411
2425
2199
2198
2170
