MarshallM
78
56
83
79
88
78
105
69
91
77
73
80
93
98
93
100
118
82
109
70
126
67
94
94
116
119
107
118
160
134
125
178
397
426
533
715
739
777
878
817
850
897
853
781
857
829
764
788
726
694
741
667
639
675
674
661
711
804
819
782
809
869
952
1019
1007
970
1074
1270
1156
1111
1083
1078
1093
1034
1099
1107
1116
1094
1037
945
892
898
838
781
829
781
661
675
708
723
752
675
644
619
648
622
653
687
718
758
828
824
817
833
793
717
744
726
840
847
927
850
881
883
833
825
855
738
740
738
794
786
717
799
741
640
688
710
772
735
768
891
885
989
1082
