MarthaF
1040
1044
1229
1255
1443
1425
1491
1504
1769
1711
1784
1744
1915
1805
1968
2096
2022
1990
2184
1907
2437
1886
2030
1980
2019
2091
2199
2274
2324
2510
2858
3019
3911
4538
5431
7217
7610
8261
8342
8321
8709
9264
9021
8963
9316
8762
8557
8305
8246
7637
7831
7479
7580
7161
7604
7621
7387
7955
8581
8492
8692
9157
9514
9707
9332
8746
9763
10651
10006
9807
9840
9598
9699
9262
8587
7930
7711
7365
6747
6439
5831
5716
5164
4882
4449
3799
3271
2910
2578
2425
2368
2188
1896
1726
1832
1790
1597
1594
1484
1442
1553
1570
1450
1346
1210
1220
1152
1142
1137
1248
1266
1130
1143
1057
952
921
876
853
769
733
778
745
697
627
589
592
579
521
495
437
407
362
382
336
381
