MartinM
357
327
387
377
385
357
329
331
378
367
347
331
359
347
299
317
343
312
339
260
383
304
325
283
334
332
334
329
331
391
396
567
1064
1259
1676
2070
2122
2337
2402
2204
2439
2461
2404
2456
2453
2417
2496
2381
2425
2309
2326
2102
2254
2063
2176
2116
2105
2276
2311
2193
2423
2605
3045
3079
2767
2824
3333
3725
3698
3903
4185
4593
4726
4777
4974
5057
5675
5959
5664
5349
5499
5464
5544
6077
5725
4942
4210
3832
4076
3768
3509
3020
2426
2401
2372
2165
2173
2156
2051
2019
2227
2154
2167
2173
2134
2134
2374
2400
2648
2796
3079
2893
2931
2816
2594
2395
2282
2229
2066
2036
2107
2059
1959
1887
1858
1835
1936
1878
1697
1522
1332
1315
1347
1341
1429
