MarvinM
69
57
64
71
73
65
90
70
90
77
99
93
88
102
92
107
93
134
127
138
176
145
186
185
203
215
245
304
311
354
413
488
958
1236
1627
2227
2529
2517
2829
2997
3245
3490
3580
3812
4022
4092
4113
4392
4451
4389
4402
4355
4188
4127
4222
4270
3943
3909
3898
3759
3499
3627
3790
3937
3568
3294
3598
3771
3624
3725
3497
3553
3578
3560
3496
3657
3478
3408
3291
3170
3277
3182
3133
2976
2974
2969
2734
2428
2255
2201
2035
1934
1597
1506
1485
1311
1254
1173
1200
1244
1224
1170
1136
1172
1101
1143
1136
1079
1153
1189
1216
1193
1175
1081
978
843
868
857
838
761
810
798
796
864
796
807
890
880
825
706
634
571
578
549
568
