MaryannF
6
0
6
0
0
7
0
5
6
6
7
8
6
7
9
14
8
9
15
8
20
11
15
11
20
14
21
14
23
29
35
42
56
66
99
129
175
146
168
172
165
224
256
273
335
289
287
308
360
373
440
537
636
608
762
809
996
1205
1212
1238
1365
1612
1925
2051
1721
1609
1765
1858
1631
1516
1356
1428
1186
1076
1147
1068
1049
1394
1233
1280
1331
1281
1201
1107
1053
819
722
650
524
537
508
446
401
358
372
322
344
323
313
315
322
291
327
279
269
267
283
263
272
266
216
207
195
197
169
198
145
145
144
178
176
162
182
156
152
167
156
167
145
138
118
129
116
137
138
