MaryF
7065
6919
8148
8012
9217
9128
9889
9888
11754
11648
12078
11703
13172
12784
13151
13446
13811
13413
14406
13172
16707
13136
14486
14275
14962
16067
16370
17580
18666
19259
22848
24390
32303
36641
45345
58187
61437
64281
67368
65843
70975
73983
72170
71633
73532
70602
67827
70638
66862
63514
64137
60294
59869
55493
56921
55072
54362
55642
56215
54901
56196
58035
63241
66172
62463
59287
67464
71685
68592
66864
65485
65693
65660
64368
67987
63167
61753
61095
55850
54474
51477
47669
43493
41551
40985
34274
28886
25317
21720
19851
19204
16698
13761
12320
11745
10966
10323
10661
10046
10555
11475
11041
10852
9895
9290
9240
8505
8394
8508
8642
8665
8757
8454
8115
7750
7438
6946
6631
6434
6360
6184
5725
5455
5010
4805
4451
4086
3674
3493
3155
2863
2704
2566
2639
2624
