MasonM
22
13
12
12
14
15
18
13
14
21
16
11
20
12
18
19
18
23
15
19
32
15
24
21
20
22
20
22
27
16
27
30
58
85
89
98
136
114
116
125
142
144
131
128
119
114
122
108
108
96
95
85
86
83
89
83
82
70
80
80
77
81
103
89
91
69
84
88
91
94
90
86
85
81
70
98
91
73
88
88
79
89
90
94
98
75
90
87
108
156
183
166
132
153
267
309
251
266
270
320
338
310
327
242
276
454
650
815
1024
1094
1477
2035
2200
2470
2803
3630
3880
4267
4657
5451
6516
7446
7878
7895
8617
9762
10407
10761
10474
10677
14836
19493
18953
17668
17157
