MathewM
60
55
47
37
53
34
48
31
67
42
43
44
55
39
30
33
40
50
42
39
57
39
40
34
29
36
21
54
33
42
53
45
121
140
143
204
217
208
206
247
207
192
204
177
192
163
167
147
154
136
121
97
101
89
91
90
83
75
78
66
89
82
78
83
76
90
77
94
82
116
89
123
140
161
182
174
231
251
348
359
338
345
325
414
447
444
476
595
619
658
830
935
909
1027
1083
1126
1163
1241
1284
1257
1334
1625
1713
1866
1969
1879
1965
2045
2061
2162
2174
1984
1832
1705
1634
1599
1514
1433
1450
1471
1343
1272
1121
1124
1091
1090
1009
925
828
799
699
690
655
670
622
