MatildaF
210
187
242
167
244
260
309
266
328
320
293
336
332
328
295
339
339
326
349
312
348
275
290
245
285
268
295
322
284
280
281
321
398
432
494
682
665
685
690
645
635
606
626
570
531
474
417
418
396
342
304
239
251
200
201
194
196
168
152
128
155
130
131
127
121
85
129
133
135
138
140
129
122
116
113
121
113
95
107
122
119
108
100
126
128
94
87
68
76
77
80
75
64
63
68
66
54
57
37
56
39
42
53
36
33
34
25
35
36
27
28
29
29
26
36
43
47
82
92
74
77
100
111
105
94
124
179
200
344
375
343
352
430
436
521
