MattieF
704
754
966
883
1007
1014
1044
1031
1268
1173
1256
1165
1303
1257
1238
1276
1288
1181
1314
1171
1834
1224
1353
1278
1362
1371
1325
1320
1364
1407
1687
1552
1915
1868
2193
2434
2556
2572
2610
2856
2902
2701
2749
2604
2599
2815
2495
2497
2128
2029
1892
1764
1917
1674
1707
1606
1503
1499
1442
1292
1293
1363
1360
1220
1184
1071
1089
1123
1091
982
931
810
814
752
689
630
555
522
495
425
421
322
322
295
298
259
219
175
156
141
158
132
121
110
116
107
92
99
78
98
97
97
103
90
82
94
169
216
180
166
160
188
166
143
206
219
229
230
225
241
296
347
313
353
321
342
325
363
319
306
275
275
279
240
282
