MatthewM
113
80
109
86
117
111
112
108
114
118
86
113
132
108
124
112
123
100
133
101
130
90
104
102
97
107
137
124
152
147
197
220
380
491
613
798
825
862
963
879
967
915
984
934
851
840
775
790
784
727
657
607
703
581
609
654
608
606
607
621
665
729
841
819
765
731
894
1045
1055
1219
1304
1604
2039
2374
2683
3285
4364
5221
6378
6563
6931
7079
7293
8041
8988
9992
10809
13582
15846
17480
20205
22568
22947
24557
27229
28567
29993
31974
34312
35658
37860
43326
46054
50204
49764
47060
46911
46473
45868
45374
44794
41632
37731
35769
33646
32874
32072
31512
31138
30417
28572
26800
25149
23992
22869
21461
20321
18729
17576
15974
14114
14154
13952
13304
12866
