MauriceM
93
72
102
89
115
96
97
88
100
109
102
117
137
149
125
136
127
117
143
117
193
160
187
182
166
202
197
208
241
245
283
397
811
994
1256
1440
1584
1554
1638
1473
1707
1743
1696
1711
1714
1586
1640
1494
1492
1373
1552
1494
1419
1310
1240
1232
1154
1069
1152
1017
1031
1026
1026
1105
1024
911
1058
1143
1003
1153
1196
1117
1221
1225
1225
1222
1322
1388
1292
1357
1326
1439
1481
1489
1500
1418
1416
1528
1476
1570
1743
1703
1641
1439
1375
1385
1346
1438
1571
1591
1554
1645
1647
1684
1590
1559
1509
1471
1493
1420
1489
1301
1163
1111
932
888
809
827
832
734
795
717
697
757
712
661
760
707
733
636
597
578
530
501
476
