MaxM
52
66
74
75
80
71
73
73
118
83
99
91
95
107
99
95
145
122
132
127
141
110
133
110
134
140
156
197
218
228
277
360
734
897
1159
1434
1493
1511
1536
1459
1561
1557
1518
1441
1396
1387
1252
1229
1403
1337
1181
1180
1156
1125
1332
1283
1249
1106
1163
978
951
931
971
875
779
801
839
869
745
763
758
803
763
724
742
723
747
740
738
690
670
649
573
549
524
423
448
396
414
377
488
408
393
433
413
416
409
403
412
461
483
502
465
530
633
760
923
1448
1384
1605
1791
1826
1876
1885
1624
1565
1485
1698
2156
2298
2355
2403
2318
2459
2481
2491
2641
2879
3369
3954
3846
3952
3691
3513
3482
