MaxineF
8
6
0
0
7
0
11
7
8
17
13
12
14
26
31
34
68
46
62
70
84
135
173
219
220
332
397
531
823
1073
1396
2110
2424
2647
3216
3183
3506
3631
3444
3603
3659
3538
3151
3090
3128
2993
2701
2391
2222
2061
2018
1924
1829
1730
1821
1777
1784
1749
1750
1756
1602
1449
1543
1584
1523
1330
1252
1246
1163
1171
990
866
893
771
687
697
594
626
574
499
446
427
367
288
256
238
262
197
163
162
132
128
114
121
144
119
111
120
115
110
118
133
125
157
194
173
171
200
196
200
206
181
193
182
187
165
178
206
183
164
150
138
129
138
142
138
161
158
188
237
203
