MayF
462
451
511
532
564
607
602
648
782
723
751
696
753
693
763
691
671
595
696
571
744
550
560
541
555
530
524
544
515
483
594
541
698
695
769
974
938
945
961
981
955
977
855
865
869
848
766
745
705
579
553
481
440
404
371
352
318
292
274
257
285
251
280
219
226
204
194
234
220
205
184
222
177
172
190
182
165
147
144
141
138
127
118
110
113
108
105
97
101
93
93
113
78
98
89
88
76
85
81
108
129
145
154
128
126
134
115
101
86
101
84
87
74
78
95
82
86
84
69
73
89
91
91
91
85
95
75
92
94
80
107
88
106
108
138
