MelanieF
8
6
0
7
0
6
8
5
10
7
0
7
11
9
13
6
0
5
7
7
8
12
11
10
8
9
20
12
8
20
14
15
22
17
26
16
18
12
13
15
20
27
20
17
13
17
16
17
9
9
13
39
53
57
200
308
388
407
308
335
410
520
955
1199
1027
1006
1349
1425
1862
2655
2692
2471
2533
2827
3662
3753
4283
4268
3941
3116
3050
3110
3645
3925
4331
5141
6295
6079
5483
5368
5240
5370
4997
5022
4843
4473
4252
3551
3515
3130
2972
2744
2828
3628
3812
3577
3354
2986
2680
2645
2664
2522
2460
2649
2967
2912
3483
3547
3579
3495
4033
3997
3712
3483
3485
3284
3463
3465
3690
