MelindaF
14
11
10
12
7
10
19
8
21
17
13
9
20
13
14
22
14
15
20
17
20
17
10
11
18
6
11
15
14
15
16
5
24
17
23
25
24
19
22
25
23
16
22
23
24
26
17
22
10
19
21
18
20
21
20
39
48
80
108
192
302
328
442
510
393
355
484
696
840
1074
1162
1410
1517
1772
1952
2411
2714
2825
2932
2811
3047
3505
3852
3574
3701
3799
3384
3635
3813
3989
4226
4058
3671
4145
3749
3284
2995
3046
3563
3706
3202
2772
2408
2143
2228
2114
1958
1921
1879
1586
1381
1265
1086
980
765
633
540
461
414
401
337
303
241
207
219
216
252
251
250
208
227
193
172
149
165
