MelissaF
33
40
41
42
48
45
58
34
40
46
42
31
34
53
52
41
30
35
35
47
40
34
40
35
24
30
22
38
27
33
47
31
42
47
52
67
64
54
63
49
59
66
68
51
53
55
46
44
43
42
56
44
62
51
43
63
56
89
85
116
95
141
155
189
177
186
198
319
601
780
980
1131
1442
2005
2059
2415
2527
2777
3329
3629
4415
4902
6311
7319
8317
10569
14253
18377
21731
23025
23742
23872
22498
22485
22168
24166
25093
26886
28331
34050
31632
28007
25860
23473
21889
19957
17660
17672
16544
15202
13997
13342
11710
10222
8797
7877
7169
6678
5355
4829
4528
4144
3766
3501
3333
3081
2891
2500
2515
2333
1947
1705
1770
1590
1503
