MelvinM
103
76
86
96
95
110
83
95
119
97
98
108
114
111
125
158
158
128
159
166
231
176
248
230
234
291
285
331
366
448
482
594
1185
1642
2064
2780
2984
3156
3469
3384
3717
3886
3909
4009
4168
4147
4195
4201
4247
4097
4049
3699
3775
3590
3701
3600
3727
3890
3818
3852
3933
3954
4183
4068
3745
3400
3746
4165
4055
3972
3887
3835
3918
3819
3708
3643
3631
3396
3141
3174
3008
2840
2574
2550
2426
2230
2043
1841
1798
1773
1679
1581
1457
1379
1200
1209
1164
1145
1160
1159
1104
1051
1035
947
907
907
860
824
893
900
939
853
784
729
699
653
592
585
569
548
517
526
903
645
606
621
667
628
586
529
452
385
388
398
379
