MercedesF
6
0
7
6
7
6
10
10
9
13
14
18
17
14
25
27
26
17
33
35
49
25
44
33
62
60
52
68
64
73
82
92
122
131
167
232
227
253
236
225
318
299
240
275
320
292
276
291
252
266
234
212
186
176
168
175
163
197
177
170
135
120
120
134
124
156
149
146
136
148
179
186
158
159
183
159
188
167
184
176
166
181
180
184
173
168
158
164
157
167
201
191
189
167
169
211
203
209
219
223
248
253
304
310
294
358
385
426
608
1219
1654
1797
1730
1777
1571
1544
1390
1244
1376
1207
1135
1097
1068
947
952
817
725
661
579
456
433
362
398
299
268
