MichaelM
354
298
321
307
373
370
348
345
466
377
394
333
380
407
423
413
399
368
434
375
495
384
460
466
462
514
531
586
689
635
844
1159
2104
2607
3362
4082
4209
4290
4296
3911
4002
4199
3991
3915
3872
3762
3485
3605
3599
3463
3542
3490
3610
3545
4106
4907
5802
7095
9077
10825
13231
15931
21726
24745
26728
29909
41181
50499
52566
60043
65185
72769
79009
84201
88493
88286
90623
92726
90517
85275
84202
86922
85049
83796
82671
81054
79999
82455
82019
85235
85318
77606
71425
67869
67585
68462
66966
67618
67154
67734
68673
68765
68216
67991
67731
64895
64188
63638
64117
65378
65275
60783
54384
49551
44462
41404
38364
37545
36615
33906
32028
29677
28242
27111
25444
23800
22628
21972
20601
18917
17324
16760
16124
15453
15400
