MichealM
20
17
14
13
17
11
13
10
19
8
12
6
11
11
16
8
10
17
10
18
20
14
15
20
25
31
22
21
21
29
25
38
59
98
123
172
181
204
191
159
174
165
128
157
179
163
127
140
116
110
123
121
119
101
105
129
128
143
189
245
298
411
521
658
733
950
1238
1629
1802
2379
2824
3284
3614
3983
4190
4536
4732
4838
4561
4371
4128
4022
3764
3536
3086
2766
2644
2703
2599
2723
2634
2553
2610
2476
2491
2442
2181
2215
2059
2136
2152
2021
1908
1909
1831
1760
1767
1766
1784
1834
1771
1633
1485
1307
1273
1157
1068
1068
1053
1055
993
873
791
768
694
684
689
647
584
539
458
421
356
349
280
