MiguelM
12
9
10
12
9
10
13
0
0
8
9
7
16
12
13
16
7
14
13
14
17
13
21
18
18
25
19
19
24
18
32
36
47
61
68
104
89
107
102
137
127
129
162
175
191
191
195
201
226
244
220
190
171
179
153
146
154
144
139
161
170
166
183
215
216
227
262
293
382
366
447
463
511
544
609
608
672
741
774
793
822
823
872
882
948
953
1017
1058
1108
1304
1346
1473
1421
1464
1657
1661
1759
1756
1826
1960
2174
2390
2627
2379
2418
2523
2575
2636
2728
3077
3693
3944
4167
4346
4034
3950
4161
4234
4254
4203
4668
4555
4642
4588
4521
4674
4898
4898
4444
4169
3453
3168
2937
2883
2748
