MikeM
95
44
89
73
84
84
84
73
81
72
83
64
76
67
87
85
85
92
106
83
132
98
99
113
118
117
141
157
139
167
222
243
430
520
794
1029
1114
1182
1286
1122
1074
1080
932
1005
964
906
857
802
761
695
711
692
624
574
649
728
774
873
1053
1349
1550
1932
2293
2803
3085
3592
4853
5750
5045
3741
2616
2198
2104
2282
2502
2724
3905
7242
10772
11998
12047
11660
10525
9046
7766
6035
4529
3758
3218
2874
2468
1925
1392
1039
815
684
593
521
441
439
407
410
321
309
291
350
321
308
381
401
379
375
351
288
288
332
362
334
289
284
329
315
342
321
338
300
329
292
292
260
241
239
245
236
215
