MildredF
132
154
172
183
247
245
289
373
499
625
635
761
959
1008
1220
1474
1620
1723
2102
2291
2800
2424
2750
3088
3525
3758
3873
4277
4624
5054
5692
6271
8764
9921
11649
15253
15633
16257
17257
17299
18058
17883
16413
15989
15855
14447
13551
13054
11653
10252
9345
8168
7645
6570
6175
5546
5053
4646
4441
4137
3936
3844
3810
3623
3317
2961
3064
3120
2755
2635
2298
2183
2053
1939
1836
1637
1637
1408
1312
1266
1080
994
963
901
847
749
659
572
476
450
482
388
337
311
300
256
239
204
180
160
159
155
175
138
149
106
128
116
122
127
109
122
101
89
77
84
79
69
80
63
81
75
83
89
80
73
76
93
87
69
68
70
63
74
82
