MilesM
54
40
44
42
39
52
36
35
43
33
47
44
47
35
56
33
42
44
59
36
55
37
45
44
45
36
24
41
44
42
53
50
93
119
127
186
217
232
245
261
231
232
296
239
233
244
244
213
220
185
165
168
197
157
154
161
179
147
164
165
151
161
174
154
156
162
202
272
275
287
325
300
307
291
355
318
320
312
327
320
332
323
386
331
316
291
215
203
211
226
231
206
206
207
206
227
196
227
232
310
298
300
403
347
409
457
776
834
888
957
992
980
1018
1072
948
792
830
943
1181
1053
1304
1384
1416
1511
1581
1755
1937
2132
2358
2402
2866
3356
3262
3413
3671
