MillieF
105
124
122
155
144
152
170
168
213
174
204
192
193
198
185
181
213
204
197
192
229
196
185
189
181
193
213
207
177
219
247
216
293
336
401
521
524
574
506
505
478
491
458
407
388
370
374
333
304
273
256
295
293
301
273
275
250
205
216
242
232
224
230
226
221
220
222
247
242
213
184
226
188
190
186
180
206
190
183
198
156
153
153
162
151
142
110
82
78
101
97
103
68
90
80
76
61
52
64
50
53
59
47
43
40
39
41
43
37
59
45
49
35
43
49
42
33
51
60
58
81
84
89
173
141
129
133
151
260
320
310
326
383
478
613
