MiltonM
149
143
155
149
150
130
145
122
165
171
126
141
173
174
156
188
194
161
225
207
242
197
207
210
230
299
303
292
346
369
476
608
1319
1419
1834
2225
2345
2394
2454
2447
2592
2588
2556
2448
2474
2566
2418
2358
2170
2031
2052
1832
1709
1485
1516
1531
1443
1383
1398
1373
1425
1386
1503
1506
1457
1348
1508
1636
1544
1559
1553
1520
1575
1534
1582
1421
1479
1360
1325
1216
1183
1107
1110
991
978
824
766
712
681
652
632
592
486
456
450
437
441
412
416
375
402
402
410
372
375
365
340
361
365
347
324
333
330
318
282
270
280
248
216
228
279
264
259
242
244
230
237
222
218
189
188
159
168
170
175
