MinnieF
1746
1653
2004
2035
2243
2178
2372
2215
2654
2624
2650
2428
2609
2510
2592
2567
2530
2284
2409
2036
2673
2026
2055
1846
1885
1950
1777
1907
1817
1779
1983
1899
2295
2332
2718
3270
3274
3262
3181
3272
3244
2998
3117
2783
2885
2737
2451
2467
2229
1994
2006
1770
1809
1604
1663
1582
1429
1378
1361
1268
1227
1354
1447
1347
1220
1088
1073
1050
994
935
876
792
695
655
613
549
496
418
414
424
350
319
272
245
223
208
181
175
155
138
126
134
114
108
104
95
83
69
59
73
71
56
45
53
44
63
34
45
44
33
38
37
55
24
37
28
36
30
35
24
31
25
33
25
27
32
37
17
43
28
37
39
44
58
49
