MiriamF
28
27
40
34
45
42
56
46
64
80
83
83
88
108
152
169
169
188
176
181
214
218
200
218
227
234
273
301
342
339
368
487
686
826
981
1377
1460
1614
1708
1540
1744
1743
1639
1732
1833
1600
1511
1378
1250
1074
1052
869
904
912
818
792
769
751
768
713
736
713
705
708
710
671
699
755
698
708
841
869
911
906
1045
1027
1043
947
996
951
1053
947
990
897
855
754
666
657
653
613
655
693
570
589
597
670
618
659
613
763
778
797
810
737
786
744
755
756
733
810
980
1012
1057
1021
1023
971
1000
935
987
1035
1151
1069
1100
1102
1193
1182
1149
1144
1092
1068
1076
940
1042
1099
1066
