MitchellM
32
20
36
30
34
29
24
28
44
21
30
29
36
38
39
31
37
39
39
28
52
31
50
36
37
47
39
43
54
72
82
79
137
196
272
328
346
380
431
361
415
425
386
372
365
346
345
297
314
259
247
274
249
208
262
277
271
249
287
296
325
355
488
513
518
517
664
789
862
1091
1228
1443
1753
1889
2138
2267
2406
3021
2844
2966
2969
3197
2834
2711
2385
1888
1732
1697
1628
1654
1544
1343
1371
1219
1233
1180
1188
1272
1273
1369
1522
1966
2069
1878
2149
2450
2664
2870
3319
3645
4019
3880
4119
4582
5371
4737
4390
4067
3623
3216
2984
2567
2172
1890
1647
1446
1253
1106
978
855
737
667
586
615
557
