MollyF
18
33
30
30
32
30
29
32
37
35
46
33
51
58
36
45
49
50
39
47
67
55
54
75
72
71
86
113
101
109
145
129
197
197
247
325
333
310
306
258
246
302
277
293
290
241
255
258
314
320
342
300
314
271
293
301
316
306
328
348
346
339
375
386
366
333
415
484
562
556
565
611
617
582
599
623
654
699
746
762
730
781
820
860
1008
1062
983
1015
1021
1093
1193
1186
1235
1330
1480
1548
1732
2067
1933
2024
2202
2090
2317
2310
2178
2431
2550
2889
3460
3457
3964
4651
4136
3707
3440
3382
3311
3447
3190
3323
3399
3413
3119
3403
3342
3214
3124
3413
3321
3504
3359
3611
3254
3076
2596
