MollieF
283
281
305
301
374
396
421
333
375
402
349
356
411
367
379
382
374
333
357
301
437
324
337
284
336
344
355
356
341
361
399
378
463
506
644
738
650
672
701
638
560
570
532
491
431
413
394
370
358
354
353
327
283
272
284
282
237
226
252
257
241
234
237
242
224
215
205
243
243
230
214
187
242
239
187
184
205
208
186
166
171
147
112
129
173
145
128
141
146
167
196
195
184
170
208
222
204
250
228
274
286
295
329
312
292
387
370
397
419
442
527
535
486
495
454
438
423
418
442
441
448
423
386
410
332
365
363
373
419
419
428
436
437
390
346
