MonaF
14
14
11
16
18
17
31
22
32
29
33
44
47
58
54
53
56
59
61
57
69
42
55
59
73
80
71
70
85
87
101
105
156
174
212
265
253
313
245
253
262
301
274
292
329
323
368
376
422
498
540
497
613
615
635
669
656
624
640
523
470
444
419
358
342
366
427
446
455
513
1087
1106
950
1064
1189
1094
1186
1233
1091
1180
1079
1093
965
1010
890
873
902
682
605
689
632
459
454
363
304
271
258
219
234
189
156
179
166
151
122
154
160
140
142
139
126
154
129
124
102
112
151
113
111
105
126
97
97
88
82
104
92
88
92
73
88
91
74
114
96
