MonicaF
6
10
0
5
8
10
10
13
13
14
17
25
27
25
22
20
36
34
41
30
39
44
33
36
54
53
52
61
62
71
79
83
130
164
156
196
278
252
223
179
215
247
206
199
223
198
191
188
218
182
168
192
215
213
259
332
273
292
269
255
286
261
325
299
342
400
457
613
847
826
1057
1297
1464
1598
1825
1813
2161
2489
2415
2592
3088
3389
4006
3998
4650
5110
4719
4962
5218
6036
6186
6428
6130
6375
6284
5478
5978
6368
5865
6586
6033
5783
5735
5402
5130
4986
5010
4809
4462
4502
4452
4156
4586
3901
3912
3968
4325
4223
3228
2133
1990
1792
1778
1612
1512
1409
1360
1186
1058
972
885
776
720
595
574
