MorganM
33
23
24
19
33
26
32
17
21
24
23
19
21
22
32
26
25
29
28
30
31
16
23
26
18
30
25
21
33
34
45
54
78
106
125
136
155
179
168
138
160
184
144
154
155
160
156
146
131
138
108
135
140
122
123
131
118
102
116
104
130
100
114
123
128
112
147
175
125
120
121
153
169
150
178
199
198
185
192
223
252
204
254
219
224
207
224
271
263
333
340
311
303
256
277
283
305
370
390
502
708
766
630
622
700
684
674
768
829
826
936
907
988
862
1023
1257
1216
1062
951
897
839
782
708
748
1009
900
821
728
713
591
497
475
441
364
404
