MorrisM
77
87
81
75
78
99
96
95
95
112
93
97
136
113
122
125
136
132
164
116
162
146
150
178
175
188
226
260
269
305
367
478
960
1073
1365
1660
1618
1624
1679
1661
1608
1667
1631
1558
1498
1400
1307
1224
1155
1091
1007
989
943
867
932
907
847
856
839
928
912
875
909
913
828
773
915
1005
842
829
917
901
906
837
917
822
819
772
709
721
652
662
630
590
589
519
473
409
429
401
400
369
305
270
272
241
263
232
229
215
196
220
199
184
182
203
223
188
168
193
178
184
148
148
128
112
85
87
105
112
103
82
92
112
93
80
93
109
109
121
97
86
93
93
111
