MosesM
111
93
93
82
77
74
84
87
80
78
64
70
86
81
83
70
81
70
69
77
117
52
73
86
87
78
73
91
82
108
132
128
207
208
258
287
333
339
352
347
383
378
387
380
360
342
340
321
318
314
290
298
284
280
286
256
230
278
265
250
275
276
274
301
269
233
250
281
316
293
292
315
283
270
270
266
249
267
292
273
302
250
239
216
175
231
165
172
168
187
185
199
198
248
295
341
319
315
314
364
350
360
347
332
337
314
291
312
296
334
292
339
324
359
346
303
366
397
421
455
516
536
507
499
491
474
614
605
562
539
513
499
481
597
580
