MurielF
7
11
15
18
22
26
25
29
43
53
58
59
69
87
89
108
144
152
129
167
224
195
206
220
214
186
221
219
262
311
365
353
695
882
1133
1445
1524
1714
1797
1793
2071
2248
2392
2359
2237
2215
2027
1808
1661
1462
1342
1079
1045
872
828
798
696
702
706
584
580
541
517
531
472
390
399
448
386
402
330
333
319
310
267
245
219
217
169
163
168
172
163
175
141
107
105
84
81
67
76
81
46
53
41
55
27
40
49
29
51
33
42
40
36
37
59
48
37
47
37
42
34
42
25
37
45
34
41
23
32
30
38
30
27
27
33
30
31
20
22
20
16
15
30
