MyraF
83
72
89
81
98
84
96
95
134
121
133
113
113
117
148
127
158
138
143
115
164
115
136
128
119
126
139
142
148
144
155
186
224
305
322
390
422
465
468
461
516
523
468
472
493
502
466
534
522
489
489
511
560
512
593
595
574
642
724
658
749
788
929
886
720
737
818
1141
1088
1013
1033
1027
939
967
960
917
897
1104
1286
1247
1173
1035
901
862
749
639
528
507
509
453
455
451
362
404
385
367
340
345
356
318
367
351
331
323
310
308
321
292
302
270
301
287
273
245
242
226
236
201
228
234
230
233
244
249
226
240
254
231
242
302
264
342
306
352
448
