MyronM
42
29
26
22
22
21
28
28
32
34
26
36
33
35
23
34
31
42
40
35
63
44
36
43
56
42
52
46
55
59
65
104
231
276
366
484
514
490
609
546
549
611
561
604
608
591
609
653
667
658
712
680
621
560
576
584
501
514
580
560
566
623
600
574
542
491
551
543
518
517
531
662
663
639
634
609
711
662
580
612
614
661
642
646
573
499
413
410
445
418
399
426
377
357
406
363
343
337
303
336
310
308
269
287
292
264
256
235
254
255
222
229
232
197
192
153
164
180
188
165
167
150
139
124
141
116
153
141
133
123
131
117
113
120
111
