MyrtleF
615
643
803
851
979
1026
1094
1087
1310
1361
1406
1458
1666
1759
1818
1938
1928
1833
2090
1821
2252
1892
1884
1980
1905
2026
1921
1929
1952
1950
2145
2033
2599
2843
3049
3865
3960
4046
4076
3816
3955
3791
3649
3314
3206
2977
2758
2550
2243
2124
1995
1712
1669
1398
1435
1313
1239
1192
1115
1063
1020
965
909
842
686
621
571
597
536
524
460
397
367
375
329
314
258
227
196
183
175
186
145
110
115
117
88
85
74
72
49
57
37
36
34
41
27
30
22
22
27
18
24
14
16
10
15
13
7
9
8
9
6
7
9
9
8
6
0
0
0
0
0
0
0
6
0
0
0
0
0
0
0
0
9
