NancyF
410
429
439
412
520
527
492
511
582
470
512
523
591
538
515
566
527
553
546
475
673
519
571
527
508
535
557
582
651
610
811
827
1078
1290
1575
1988
2165
2412
2510
2629
2982
3323
3517
3674
3989
4323
4565
5024
5535
6874
9068
10033
10946
11871
13517
14542
16756
17067
18947
19726
19731
20880
23324
23991
23212
21453
28345
32442
29411
29241
29622
30340
31730
30609
30259
30009
28783
27513
24813
23079
21897
20713
18030
16265
14695
12257
11725
10266
8960
7899
7065
6214
4821
3945
3895
3510
3281
3222
3049
2865
2804
2909
2805
2519
2485
2605
2427
2235
2344
2343
2384
2497
2184
1985
2190
2001
1823
1525
1478
1416
1375
1417
1361
1177
1145
1014
1014
900
856
664
573
537
436
409
369
