NaomiF
32
55
54
56
61
68
55
76
93
79
122
132
143
186
196
249
269
241
264
272
307
256
327
355
350
361
372
410
458
504
502
585
834
840
1128
1548
1649
1619
1692
1632
1853
1975
1870
1902
1981
1768
1760
1821
1652
1601
1593
1517
1356
1430
1358
1433
1281
1201
1242
1086
1053
987
987
902
875
798
839
839
819
849
794
762
768
757
815
695
754
699
761
682
774
673
656
691
618
580
592
512
539
526
555
608
639
753
798
897
924
998
1069
1174
1249
1223
1221
1101
1047
1076
943
995
1001
989
921
1011
1115
1146
1202
1314
1386
1521
1626
1639
1750
1819
1956
2047
2267
2416
2699
2779
2910
3030
3122
3184
3415
3435
3695
