NatalieF
5
12
15
9
11
17
16
16
26
25
34
23
36
34
43
39
35
31
40
38
67
28
39
53
53
67
80
65
86
120
136
190
222
258
394
429
428
484
465
520
548
730
677
694
712
708
669
659
687
634
623
599
580
517
530
457
445
391
402
410
394
368
468
468
381
366
389
434
450
413
390
413
405
373
402
405
612
1054
1283
1232
1550
1625
1948
1993
2126
1943
2309
2033
1887
2152
2373
2091
2026
2059
2470
2639
3504
4041
4169
4442
4644
4858
5958
5726
5557
5536
5702
5327
5480
5629
5633
5554
5582
5483
5836
6424
6692
6539
7545
8079
8094
8048
8350
9145
9687
10729
10942
10434
10195
9404
8766
8630
7887
7465
7089
