NathanM
114
91
113
93
100
103
136
106
129
121
110
106
144
114
127
119
110
139
99
112
186
131
143
146
131
168
148
176
178
209
245
348
581
615
848
916
904
881
945
849
815
751
749
739
680
615
669
636
548
513
540
442
486
413
469
468
463
434
516
468
497
528
522
582
506
488
558
617
619
660
752
867
849
812
961
950
1093
1229
1242
1375
1625
1489
1534
1543
1499
1420
1423
1434
1658
1911
2553
3052
3521
4753
5853
7070
8618
9891
9893
10745
11141
11261
10802
10550
10613
10646
9995
9906
10147
10901
10934
10493
10146
10190
10382
10304
10282
10439
11583
12532
13032
12641
13219
13657
14621
14351
14270
13584
13250
12113
11367
10496
10406
9690
8937
