NathanielM
60
48
57
49
56
54
59
57
63
48
75
46
78
58
77
72
73
43
90
72
118
92
88
105
105
117
101
124
150
143
232
207
356
337
470
554
590
640
661
748
837
749
799
721
801
809
821
769
727
762
753
660
780
729
782
747
737
705
748
769
833
829
842
839
864
853
976
1103
1158
1193
1225
1247
1254
1268
1227
1334
1303
1262
1107
1154
1145
1050
1084
1026
1024
1071
904
977
924
993
1136
1212
1209
1393
1610
1960
2212
2497
2927
3041
3492
3720
3936
3641
3601
4000
4031
4046
4055
4117
4342
4368
4687
4853
5029
5203
5419
5774
6427
6462
6798
6643
6809
6665
6666
6678
6620
6055
5847
5420
5094
4967
4771
4512
4288
