NealM
43
33
35
29
36
33
40
37
37
38
40
35
35
33
41
38
35
43
40
33
58
29
46
49
44
45
43
48
46
48
65
63
127
143
176
228
283
277
287
294
371
344
388
410
407
418
417
384
376
342
381
371
375
362
440
415
419
429
445
443
507
542
569
534
570
579
676
730
713
740
848
952
1145
968
1084
1061
1102
1190
1158
1224
1190
1120
1032
1094
1128
886
814
742
651
703
718
601
533
538
584
648
549
626
584
636
593
596
555
575
565
562
542
456
459
521
463
444
396
384
294
258
262
246
207
184
177
171
169
129
111
131
138
116
110
112
113
96
105
99
120
