NeilM
25
6
19
23
23
26
24
21
23
28
29
25
36
28
30
31
47
26
35
26
50
32
28
28
41
42
37
42
55
43
54
58
151
184
232
289
375
356
359
366
489
497
489
508
541
563
600
609
695
697
825
882
932
996
953
859
914
967
1066
1067
1066
1074
1101
1155
1140
1211
1343
1462
1405
1476
1605
1756
1901
1934
1956
1783
1749
1674
1709
1637
1448
1524
1290
1447
1531
1319
1225
1156
1058
1683
1570
1427
1304
1296
1325
1335
1351
1430
1530
1487
1349
1331
1343
1227
1123
1204
1151
1078
998
1026
1028
916
791
783
702
678
578
526
489
489
460
443
381
383
338
379
396
305
326
396
342
358
391
393
397
