NellieF
995
1096
1138
1246
1417
1432
1492
1457
1736
1752
1821
1647
1738
1770
1767
1833
1696
1693
1810
1510
1850
1454
1566
1491
1560
1626
1596
1671
1757
1768
1928
1865
2365
2645
2952
3679
3862
3808
4048
3726
3763
3512
3274
3185
3076
2935
2724
2678
2343
2198
2212
1988
1977
1866
1835
1739
1666
1589
1454
1373
1298
1285
1206
1079
1010
931
885
876
891
744
756
601
639
606
551
519
487
434
381
384
364
334
266
259
262
202
213
197
165
146
161
164
151
135
157
150
131
134
143
154
138
135
127
129
114
106
96
72
97
99
118
81
82
71
75
87
76
76
86
85
68
85
93
88
97
83
99
118
113
125
118
116
138
158
183
