NelsonM
99
90
104
79
89
83
78
62
85
80
71
86
98
72
76
108
86
104
112
107
135
97
78
93
81
126
100
129
112
113
142
180
349
357
527
606
619
605
664
682
740
704
659
704
753
738
687
672
680
590
630
608
628
572
568
579
631
660
795
802
808
791
870
794
713
696
741
813
814
783
805
804
829
1011
942
913
915
943
947
1084
1015
952
931
979
825
818
723
790
764
765
755
775
620
581
676
690
733
669
680
670
687
638
657
630
651
706
713
710
756
856
931
808
801
761
719
681
621
619
614
600
599
615
618
611
571
593
604
579
550
515
442
454
464
440
407
