NettieF
403
419
439
494
522
536
591
595
692
622
707
620
705
668
630
677
628
614
678
611
711
562
569
547
547
573
537
542
543
549
627
617
762
777
936
1106
1125
1106
1167
1109
1141
1034
989
998
941
897
840
772
709
670
656
589
596
544
544
585
475
521
491
460
426
434
437
434
370
313
373
332
317
293
292
245
259
218
242
208
214
180
182
145
141
146
119
110
90
78
71
57
45
51
45
42
52
37
40
57
27
37
45
36
35
37
31
29
31
21
29
27
28
27
19
26
30
26
15
23
15
23
15
13
11
14
19
11
17
12
12
11
10
14
15
12
7
12
14
