NicholasM
73
56
66
71
69
66
85
79
97
68
78
78
95
89
77
84
106
87
94
69
95
88
112
90
102
112
144
161
226
204
235
308
676
796
1151
1427
1418
1413
1488
1321
1354
1556
1415
1466
1489
1333
1316
1272
1218
1192
1132
1101
924
888
873
913
927
935
987
1031
1102
1211
1503
1433
1363
1356
1676
1937
1929
1997
2179
2387
2343
2360
2371
2183
2216
2194
2186
2195
2304
2080
2151
2138
2071
2073
2148
2293
2563
2589
2705
2620
2846
3155
3216
3323
3478
6080
16359
21341
21026
19778
19646
19891
21013
22388
22798
23244
25289
28220
27899
27358
27752
28108
27760
29156
27718
27257
26632
25635
24650
22839
21387
19689
18510
17065
15665
14352
12512
10843
9637
8584
7726
7126
6744
