NickM
40
39
35
36
48
38
47
29
48
34
45
40
37
22
38
29
31
39
37
28
49
40
37
46
57
52
67
77
84
79
124
130
248
310
425
642
656
705
761
682
699
765
791
690
747
690
642
616
604
589
629
511
490
499
465
456
420
395
400
405
409
441
519
558
498
490
564
647
547
447
424
448
424
414
430
475
496
689
846
1051
1099
936
897
872
799
718
684
683
666
657
666
564
554
549
503
446
408
423
399
371
317
292
267
256
277
253
294
274
240
249
229
192
226
217
197
214
173
145
179
204
217
198
200
203
208
232
250
225
236
197
174
154
157
172
156
