NinaF
119
123
171
177
187
193
238
266
304
315
314
273
340
330
347
348
320
336
383
390
376
295
369
345
348
354
340
433
449
434
478
466
582
668
828
1085
1130
1154
1165
1124
1226
1212
1132
1190
1211
1197
1110
1059
1022
968
995
996
975
976
1026
966
937
901
972
916
912
876
916
939
1007
882
1013
998
1023
943
1008
1035
1357
1377
1485
1354
1326
1318
1196
1341
1236
1238
1278
1275
1143
1060
1062
979
805
812
827
839
798
741
732
726
566
625
562
858
1888
1698
1427
1343
1339
1198
1071
1263
1226
1169
1101
1100
1049
1016
1057
988
1157
1283
1348
1437
1427
1304
1319
1356
1324
1287
1211
1270
1226
1149
1001
1046
1088
1110
1099
