NoahM
103
81
108
81
94
76
90
94
83
85
74
76
79
69
74
72
69
58
68
47
92
56
69
48
46
60
60
61
68
62
87
82
116
141
171
189
229
219
247
253
242
247
237
258
239
219
235
236
174
197
191
180
181
173
148
175
147
143
145
122
150
161
182
155
157
133
130
156
150
148
153
154
143
160
131
133
137
153
137
154
138
126
140
125
138
122
157
156
176
246
341
478
421
493
545
582
545
684
688
914
929
1400
1815
1537
1245
1109
1039
993
1063
1242
1305
1313
1423
1501
2072
3821
7182
9269
13408
14915
14265
13478
12065
11834
11899
13889
16324
16585
15778
17231
16438
16845
17323
18206
19229
