NoelM
10
13
10
5
12
8
6
5
13
13
10
9
16
11
23
17
12
13
23
21
18
16
22
28
22
39
33
32
47
45
44
43
80
128
136
223
181
192
186
165
206
181
207
187
196
198
204
230
265
241
214
277
300
319
327
339
325
375
425
395
375
336
367
397
360
317
335
382
329
342
306
315
339
337
351
336
390
380
442
449
391
431
419
384
372
388
469
569
639
602
676
641
537
485
507
502
441
447
414
493
460
474
470
462
478
445
473
463
488
561
588
536
510
493
503
521
517
544
495
562
616
583
548
514
572
590
606
635
591
555
543
587
680
775
899
