NolanM
5
0
0
7
0
5
9
0
5
0
0
10
9
12
8
9
12
5
10
16
11
15
10
18
17
20
23
16
28
31
32
62
90
108
118
150
149
132
149
157
191
183
177
164
161
168
174
157
142
180
156
190
167
188
188
166
183
196
205
222
175
192
206
206
174
193
198
218
219
215
189
213
189
206
198
198
184
181
186
165
165
142
156
164
112
161
126
147
157
180
200
146
175
167
201
203
218
258
262
329
395
423
448
519
478
479
481
508
617
845
1055
1163
1144
1112
1066
1106
1311
1364
1623
2027
2092
2232
2216
2488
2717
2838
3170
3149
3434
3685
4165
4424
4739
5196
