NoraF
471
498
539
589
648
670
708
735
832
831
835
801
899
825
854
846
844
812
868
709
919
727
724
724
698
742
644
676
648
670
753
779
882
890
1038
1293
1314
1360
1381
1373
1477
1350
1219
1221
1335
1317
1202
1079
1083
1018
1014
903
971
891
887
909
790
842
858
859
843
845
838
856
843
834
969
1096
1085
1198
1120
1156
1122
1148
1161
1045
1170
1161
1177
1273
1345
1117
1077
1068
1049
880
850
728
697
709
675
623
605
574
587
552
517
518
583
535
569
552
563
520
556
541
485
536
605
595
586
573
523
525
529
545
555
563
540
582
539
619
600
830
1043
1197
1384
1474
1557
1667
1936
2234
2886
3505
4731
