NormaF
32
26
32
49
42
51
72
77
101
108
134
127
190
189
174
219
197
200
241
214
316
264
277
311
281
311
332
375
430
438
486
531
800
878
1172
1737
1921
2124
2655
3198
3949
5102
5237
5885
6543
6942
7526
7996
8164
7894
8510
8758
8408
7481
7783
6869
6632
6232
6368
5826
5334
5018
4968
4543
3863
3602
4266
4425
3590
3413
3411
3350
3345
3170
3105
2931
3048
2977
2738
2725
2560
2550
2673
2460
2428
2049
1859
1828
1548
1556
1433
1362
1149
1043
1062
1024
925
779
719
774
757
729
667
519
463
498
473
463
449
533
494
508
462
451
452
454
333
355
307
292
242
265
242
201
209
193
205
150
149
125
116
103
60
86
84
