NormanM
102
95
107
106
130
118
161
119
156
141
156
163
191
166
199
211
178
197
207
223
316
238
256
238
305
350
324
362
374
415
557
691
1367
1748
2335
3262
3609
3789
3867
3808
4109
4479
4527
4707
5043
4975
5287
5486
5587
5154
5296
5420
5269
4956
4988
5039
4646
4675
4951
4739
4577
4454
4680
4521
4069
3725
4162
4410
3895
3671
3641
3729
3572
3370
3410
3404
3424
3339
3066
2775
2695
2686
2788
2482
2255
2304
2169
1953
1765
1655
1524
1343
1175
990
1000
849
825
756
739
696
726
684
634
625
594
574
501
525
492
496
443
519
405
393
328
278
262
294
270
235
268
225
208
219
209
194
178
188
188
159
144
126
155
158
170
