OlgaF
50
31
64
81
99
121
151
153
172
194
225
237
301
262
303
329
355
364
329
292
376
273
321
281
298
288
317
314
345
359
381
489
696
810
1107
1532
1685
1655
1691
1687
1590
1572
1534
1366
1462
1173
1157
1101
934
897
774
674
613
511
482
385
388
362
387
356
333
333
346
359
352
312
438
481
571
490
540
586
587
576
624
602
545
563
488
546
607
550
545
496
475
393
405
422
446
395
389
417
360
401
400
366
365
318
310
288
324
314
288
260
253
249
230
229
255
266
258
239
241
241
242
176
198
163
157
197
160
178
153
137
139
131
121
111
132
118
60
63
86
55
79
