OliviaF
44
51
52
46
54
59
72
69
71
100
85
66
101
107
127
117
114
131
141
110
167
126
130
130
157
153
181
171
181
179
211
191
285
287
340
372
446
476
466
471
523
502
536
528
501
527
466
499
442
458
402
380
399
369
359
365
381
393
446
429
540
587
742
694
729
621
728
857
848
854
769
666
692
620
646
606
538
518
557
492
484
435
428
451
425
442
334
345
325
348
352
336
348
358
506
1048
1237
1104
1310
1252
1117
1023
1125
1085
1162
1020
1229
1695
2137
2434
4623
5597
5803
6339
6432
7624
8122
9476
10610
11253
12852
13975
14628
16143
16101
15691
15491
16573
17072
17425
17017
17305
17296
18397
19761
