OliverM
234
238
244
219
245
258
230
203
206
210
218
212
238
214
222
216
194
174
186
161
256
187
181
210
200
211
183
207
207
246
307
333
645
645
861
1131
1103
1175
1248
1209
1164
1193
1216
1220
1173
1048
1066
1002
933
884
851
779
739
594
734
649
589
609
568
597
582
600
611
669
565
559
617
626
629
598
556
550
556
522
534
508
484
453
454
369
372
347
314
359
368
302
338
290
325
327
368
418
367
376
347
356
337
340
420
407
394
403
452
433
394
370
339
458
438
458
625
580
662
665
643
595
606
668
734
782
977
978
1165
1373
1488
1792
2349
2907
3600
4285
4662
5406
5913
7254
9411
