OmarM
14
11
11
13
6
15
14
10
19
11
16
5
16
14
10
22
11
19
12
17
10
8
8
15
8
16
12
15
10
14
13
21
44
52
59
70
92
80
109
116
88
96
81
81
86
90
71
79
78
63
65
47
67
62
49
60
44
51
36
38
43
48
40
43
45
48
52
48
55
64
64
63
64
70
78
67
82
77
84
90
98
115
111
118
139
152
201
246
318
451
552
537
645
788
809
892
1138
1224
1293
1379
1447
1434
1384
1271
1272
1214
1309
1287
1424
1628
1973
2135
2305
2449
2419
2505
2516
2288
2451
2670
2686
2722
2621
2701
2723
2966
3104
3213
2861
2548
2165
1886
1917
1880
1802
