OpalF
5
14
13
16
28
31
28
40
52
67
80
78
107
123
164
158
186
230
262
278
432
406
498
542
621
702
718
889
955
1028
1051
1190
1465
1629
1893
2482
2636
2541
2847
2652
2702
2713
2562
2364
2283
2108
2027
1739
1590
1452
1328
1086
1052
932
893
777
708
618
579
557
521
434
447
436
400
337
330
356
261
271
206
216
201
193
170
185
151
156
113
118
134
101
99
97
88
87
72
74
74
71
65
80
64
63
73
65
82
64
70
78
64
63
56
52
49
49
55
53
48
37
36
31
29
34
29
20
27
35
39
24
32
36
38
39
60
42
79
69
87
77
82
93
105
125
183
