OrlandoM
16
19
13
11
12
16
13
11
14
12
6
11
15
11
14
13
5
10
9
10
15
9
10
8
9
10
17
18
18
16
26
27
68
76
101
146
121
156
183
231
181
192
180
185
175
170
149
136
137
101
115
111
88
101
108
100
97
93
98
119
115
116
116
103
83
95
115
153
109
128
163
176
173
217
276
270
340
352
382
424
452
602
664
678
605
578
529
588
649
626
724
677
630
625
718
842
649
686
635
695
743
718
690
688
661
730
817
876
874
838
801
787
663
691
660
658
649
645
629
679
634
731
708
701
779
813
852
859
697
718
631
544
588
468
491
