OscarM
544
530
625
607
615
623
645
574
647
572
628
551
634
574
601
549
539
543
546
447
563
422
397
427
442
436
412
483
476
459
505
636
1157
1249
1553
1788
1916
1962
2111
1992
2006
1977
2008
1881
1817
1757
1715
1632
1467
1479
1467
1333
1255
1110
1096
1091
1009
988
1023
1001
936
1019
956
1074
911
938
1017
1110
1100
1126
1105
1064
1086
1198
1269
1152
1132
1204
1069
1082
1066
1042
1010
1020
1001
988
943
934
906
1008
1046
1066
1111
1068
1196
1232
1231
1273
1314
1311
1397
1462
1487
1369
1420
1592
1571
1659
1729
1962
2326
2444
2584
2849
2843
2726
2998
2969
3006
3125
3178
3192
3233
3299
3344
3459
3600
3546
3560
3114
2662
2374
2192
2240
2316
