OtisM
88
89
116
89
107
89
99
97
116
116
119
97
126
124
129
133
124
133
179
185
212
127
169
168
181
216
184
199
243
267
285
302
522
557
709
901
908
912
936
931
1031
1001
988
904
1011
961
875
901
885
796
829
730
813
754
769
728
700
681
718
728
662
735
738
743
758
708
782
868
846
815
832
821
750
763
750
722
704
662
663
618
555
544
475
512
531
472
421
414
498
533
496
416
379
371
309
330
322
301
297
329
296
269
254
205
218
203
213
194
192
192
213
184
155
149
138
114
115
111
104
84
97
115
82
78
80
104
107
111
120
131
122
143
180
176
203
