OttoM
271
221
252
240
288
263
270
253
312
309
267
274
275
257
270
283
250
234
259
174
199
156
192
166
161
172
173
170
177
180
200
228
398
509
598
773
719
803
728
596
634
640
628
574
606
539
486
506
469
458
438
366
355
322
318
290
275
275
271
225
227
215
229
194
174
175
181
176
173
172
150
147
151
170
149
136
160
152
147
149
141
140
122
126
119
89
112
110
86
80
92
94
85
54
72
65
63
61
60
66
51
57
60
56
45
61
60
53
67
61
73
51
52
63
62
49
70
51
73
65
61
90
91
97
115
127
134
145
136
171
180
213
288
343
417
