OwenM
78
67
65
63
91
70
83
68
98
75
68
73
102
80
80
75
83
70
64
66
93
80
63
83
71
89
82
104
105
90
118
156
265
293
356
479
489
489
591
556
598
704
632
586
634
582
555
550
507
526
512
457
444
439
435
411
385
411
406
383
363
413
414
417
392
369
392
405
385
370
390
375
455
413
404
346
398
406
371
385
387
354
348
279
295
272
265
230
215
273
241
249
317
336
335
296
279
323
271
371
352
380
377
357
396
412
404
461
466
434
479
455
453
457
488
699
1005
1365
1870
2373
2714
3029
4188
5697
6704
7166
8170
8244
7793
8139
8171
8329
8684
8748
9135
