PabloM
11
0
8
10
9
16
7
12
11
11
18
10
10
6
10
16
11
20
7
13
22
19
21
17
22
12
28
16
23
34
29
31
32
35
53
62
68
85
98
93
133
131
139
185
159
166
200
163
174
183
208
155
177
146
141
136
115
134
107
96
109
119
120
136
146
127
168
150
174
170
195
186
172
194
189
176
194
213
211
234
233
253
276
248
260
235
277
269
308
329
378
354
352
364
409
411
447
423
429
445
493
535
500
476
486
461
522
514
497
625
679
707
765
749
765
801
794
890
902
937
1009
1037
1011
1021
1045
1169
1173
1095
1006
909
830
838
825
738
784
