PamelaF
5
0
0
6
0
6
0
0
0
5
0
6
0
0
0
5
8
17
16
13
22
12
17
18
22
27
33
38
50
51
75
76
67
100
110
94
99
97
108
147
193
220
265
313
338
631
1468
2632
4838
6203
6169
9366
12397
14278
15131
16207
18564
20881
25755
27364
26692
26914
25014
25264
24712
22095
21683
21274
20587
19823
17473
16257
15367
14031
13358
12913
10142
7479
5816
5273
4180
3366
2832
2691
3365
3530
3881
3546
3028
2641
2468
2017
1783
1511
1334
1195
1084
918
806
752
687
815
768
714
655
606
579
530
673
539
455
566
514
455
330
258
266
214
204
185
