PatrickM
248
188
249
213
222
217
249
218
245
236
227
212
234
234
229
233
214
210
219
221
285
181
203
210
226
193
213
215
216
199
254
272
431
502
633
705
802
836
871
816
877
1001
1019
1055
1121
1153
1221
1253
1321
1442
1532
1570
1579
1571
1703
1664
1856
2090
2291
2530
2883
3155
3804
3847
3882
3855
5306
6620
7191
8076
8184
8749
9177
9474
9908
9866
10333
10341
10236
10551
10371
11055
10487
12068
14705
12948
12418
12976
13055
12689
11747
10811
9280
8483
8140
8062
7640
8314
8846
9986
10353
10390
10696
10873
11512
11633
11399
11139
11388
11982
12373
12413
11404
9855
9331
8672
8194
7487
6732
6444
6293
5786
5152
4789
4440
4041
3944
3733
3333
3246
3128
2861
2808
2589
2668
