PatriciaF
6
5
8
10
12
17
11
12
21
28
36
35
37
49
47
56
89
68
85
79
124
121
157
177
205
233
316
325
504
588
656
895
1078
1441
1760
2144
2502
3382
3902
4800
6958
8095
8590
10553
12332
13626
15749
16468
17991
18625
20847
22876
23912
26837
27555
29704
32661
36901
39454
39620
36872
35840
46295
51274
46135
46337
47952
56433
53090
51007
49133
46210
43332
39277
37932
35221
32107
28867
26538
25363
26087
23551
20115
17746
15806
14957
13404
11466
9602
8477
8040
7056
6017
5907
5498
5651
5309
5285
5167
4922
4475
4398
4246
3913
3798
3606
3578
3418
2951
2660
2363
2160
1970
1781
1704
1532
1392
1223
1113
1011
997
877
775
725
629
564
479
427
394
419
377
