PatsyF
15
12
17
20
21
21
20
20
22
25
15
22
20
22
31
21
23
22
32
21
49
29
34
20
31
41
41
40
50
50
73
68
99
83
94
128
125
191
177
168
195
236
277
334
520
706
993
1302
1624
2042
2543
2869
3254
3449
3748
3797
4197
4243
4256
4110
4079
4789
4560
4351
3728
3347
4016
4345
3714
3346
2931
2898
2831
2589
2280
2013
1801
1609
1451
1326
1107
1019
898
892
816
576
497
452
368
295
322
265
214
204
186
142
122
96
100
96
84
93
76
79
67
80
82
83
101
96
109
103
78
78
78
55
56
44
47
41
30
37
30
46
13
24
24
14
21
17
17
12
21
13
17
