PaulM
301
291
397
358
422
428
466
449
529
556
607
564
747
743
824
933
964
923
991
885
1288
924
1067
1081
1194
1262
1309
1358
1478
1676
2005
2393
4785
5966
7733
10328
10791
11153
11756
11307
12570
13167
12926
13365
13338
14177
13652
13604
13159
12429
12956
12251
12068
11847
12195
12558
12303
12871
13356
13330
14104
15157
16487
17253
16654
16997
21052
22795
21247
21590
21763
22833
24282
25497
26224
26673
26872
26984
26253
25700
25644
25623
23807
26681
26884
24936
23583
22843
21881
20705
20213
17480
14567
12911
12324
12020
11793
11807
11737
11646
11818
11774
11303
10823
10455
10307
9707
9697
9426
9029
8579
7678
6997
6477
5796
5413
4879
4748
4319
4015
3790
3509
3257
3248
3181
3142
3021
2762
2552
2422
2122
2067
1947
2030
1996
