PaulineF
144
166
204
197
230
254
276
314
393
415
475
455
526
545
656
734
756
777
900
811
1104
938
985
1042
1243
1381
1428
1591
1702
1896
2153
2345
3163
3636
4699
6334
6655
6896
7222
6972
7180
7140
6810
6708
6720
6729
6360
6009
5386
5027
4653
4190
3901
3541
3447
3076
2979
2818
2664
2412
2410
2351
2472
2459
2126
1976
2055
2178
1964
1917
1740
1618
1600
1571
1421
1351
1369
1338
1207
1217
1114
1137
929
1032
1023
872
794
695
692
647
632
546
469
431
388
340
324
293
315
274
286
298
256
254
231
238
219
212
222
266
273
297
223
260
226
211
192
201
154
147
146
128
144
150
105
113
88
95
68
55
54
67
66
64
69
