PaulaF
9
9
6
19
12
16
21
26
28
33
35
44
40
47
34
37
47
45
55
40
47
50
41
57
79
68
89
76
83
76
89
105
164
150
184
228
289
303
265
245
343
326
305
378
418
464
541
602
558
619
614
584
659
612
759
774
982
1213
1317
1349
1372
1540
1974
3043
3314
3795
4725
6101
6595
6576
6632
7293
8564
9547
9690
9585
8924
8542
8024
8053
8066
7745
7194
10144
9504
7910
7857
7694
7639
6753
6056
5382
4259
3507
3062
2654
2252
2042
1827
1694
1598
1480
1327
1161
1100
1014
879
903
811
793
940
848
775
630
623
553
552
504
457
446
454
418
414
356
419
416
431
455
448
362
332
324
384
307
266
