PearlF
569
641
824
886
1138
1146
1204
1316
1591
1588
1741
1605
1831
1796
1789
1958
2101
2076
2158
1999
2512
1866
2100
2046
2015
2108
2035
2108
2076
2048
2177
2075
2528
2756
3223
3976
4073
4232
4521
4273
4204
4175
3848
3544
3635
3211
2900
2717
2365
2174
2068
1648
1618
1384
1338
1188
1119
1024
1004
902
908
835
1092
878
757
654
678
713
690
575
589
530
518
513
494
463
468
442
392
347
370
347
363
285
285
259
195
176
172
143
161
163
168
143
148
148
143
123
132
143
168
183
190
170
169
165
162
141
148
140
130
142
157
156
123
158
175
138
164
162
200
208
198
203
196
190
243
269
258
269
267
335
368
423
453
