PedroM
31
14
27
18
30
23
24
19
25
26
32
25
28
31
32
23
40
21
27
25
44
36
44
44
43
51
50
66
53
56
83
76
120
127
162
193
200
231
226
232
279
326
330
341
434
422
404
412
480
472
500
367
347
310
363
357
315
325
298
325
316
339
326
357
396
367
444
457
529
512
534
524
542
549
600
550
589
611
613
654
662
613
708
642
708
702
677
733
788
842
887
914
841
865
979
983
955
957
1018
1098
1090
1226
1203
1088
1120
1246
1163
1256
1305
1469
1541
1612
1668
1666
1628
1585
1566
1498
1672
1690
1701
1695
1554
1558
1517
1645
1648
1609
1406
1276
1192
1048
1016
924
903
