PeggyF
13
0
6
6
9
11
15
17
14
13
23
16
25
34
33
46
45
47
58
51
77
64
82
93
111
106
140
115
150
162
204
192
251
276
373
423
554
580
735
735
875
1067
1303
1592
2073
2322
2622
2857
3381
3779
4084
5076
5445
5533
6025
5269
6066
6376
6342
6047
6128
6559
6579
6509
6017
5841
7398
8877
9086
9119
8531
9214
8988
8759
8457
7981
7487
7379
10072
7408
6434
5566
4900
4105
3844
3105
2650
2261
2115
2057
1900
1690
1345
1146
943
897
759
714
614
518
489
437
367
284
328
250
256
233
227
214
181
147
124
114
98
91
66
77
55
51
56
42
33
33
21
34
32
32
27
27
18
24
25
16
22
