PercyM
94
95
126
87
126
98
122
123
151
144
140
131
149
177
173
164
157
183
155
142
201
120
167
124
125
169
141
160
151
159
195
184
337
356
449
488
524
515
567
595
601
603
598
540
561
543
493
520
482
495
431
415
430
398
375
386
360
356
350
359
329
338
381
394
349
343
343
412
410
397
412
424
441
375
364
309
316
348
283
262
270
246
250
236
208
193
195
178
181
202
175
188
177
169
148
142
138
138
146
119
124
129
114
105
98
97
91
73
106
98
102
88
95
71
75
65
61
62
61
56
51
59
46
47
60
45
51
57
36
38
41
39
59
61
70
