PerryM
134
123
133
133
135
115
141
112
124
105
108
104
110
91
78
97
111
103
83
104
142
87
108
88
93
104
97
86
133
109
125
152
216
280
338
478
439
527
553
528
542
565
616
588
601
569
564
584
633
577
581
542
528
487
544
516
503
544
580
584
553
593
707
687
605
683
857
1052
981
1059
1096
1176
1153
1223
1255
1449
1865
2368
2735
2749
2415
2229
1927
1713
1550
1365
1125
1017
890
896
845
736
541
506
528
489
460
380
416
454
445
471
425
444
422
521
474
482
456
461
473
427
387
408
370
341
316
317
294
261
259
237
228
209
223
191
192
180
165
162
129
147
144
136
149
