PeterM
496
428
461
450
524
516
437
421
498
425
410
396
465
392
391
412
402
397
409
354
443
343
433
372
395
409
427
473
542
539
631
845
1679
1934
2624
3302
3370
3464
3712
3376
3496
3547
3547
3410
3520
3374
3357
3303
3300
3216
3266
3120
3130
3134
3290
3422
3714
3809
4295
4643
5049
5614
6586
6878
6339
6485
7484
8591
8050
8264
8368
9004
9581
9735
10073
11007
11321
11589
10745
11287
10725
10339
9581
9625
9907
9396
8584
8328
8133
7839
8057
7037
6479
5918
5951
5707
5448
5818
5882
6076
5967
5991
5776
5479
5631
5663
5794
5541
5419
5406
5215
4958
4594
4536
4221
4110
4076
3827
3385
3434
3146
2947
2865
2802
2787
2551
2477
2336
2180
2008
1931
1832
1861
1849
1910
