PeteM
50
57
60
43
81
56
54
47
82
60
60
53
74
64
68
66
63
76
53
74
116
79
75
69
71
86
80
122
131
120
156
143
263
340
432
531
582
639
638
628
636
668
644
623
627
648
642
600
614
584
577
591
530
513
602
588
559
510
513
543
514
534
560
640
648
578
683
739
653
580
561
538
505
530
494
550
573
651
758
767
756
699
631
608
549
449
389
379
358
342
374
360
313
279
269
258
261
262
210
268
219
236
208
205
195
181
186
172
179
179
169
167
128
146
130
118
126
121
121
110
99
90
97
94
86
80
87
88
88
82
65
66
64
63
68
