PhilipM
186
156
182
166
161
163
187
161
196
183
192
198
239
208
214
211
218
200
244
223
259
232
226
250
266
234
280
356
319
395
418
612
1237
1484
1870
2328
2410
2544
2733
2530
2700
2702
2769
2785
2920
2678
2704
2680
2728
2603
2653
2650
2622
2528
2785
3062
3034
3160
3173
3172
3676
4165
4600
4473
3995
4108
5094
6233
6163
6226
6076
6098
6154
6275
6277
6155
6111
6007
5821
5857
5514
5290
5068
4759
4974
4279
3958
3796
3620
3544
3518
3307
2775
3000
2974
3008
2949
3092
3301
3465
3562
3578
3640
3484
3516
3735
3657
3838
3373
3320
3140
2749
2434
2269
1896
1757
1725
1661
1498
1325
1311
1221
1200
1073
1017
993
907
879
814
763
697
696
714
766
795
