PhillipM
75
84
103
92
89
87
94
80
116
78
80
74
104
81
110
90
89
82
86
88
127
78
87
92
127
127
122
124
131
146
167
212
306
369
537
628
723
723
729
741
840
915
919
845
899
943
1021
1040
1075
1028
1174
1177
1313
1328
1576
1782
1845
2004
2155
2174
2625
2872
3376
3250
3001
3081
3777
4788
5022
5203
5056
4906
4999
5098
5149
5400
5415
5546
5278
5585
6043
5973
5888
5650
5501
4897
4406
4053
3988
4009
4282
3850
3533
3860
3935
3852
3790
3965
4363
4425
4637
4541
4519
4464
4230
4491
4706
4810
4576
4719
4453
3848
3374
3002
2675
2512
2309
2085
1887
1817
1774
1710
1550
1454
1323
1233
1219
1175
1097
926
862
775
881
863
792
