PhoebeF
50
46
62
66
75
72
80
63
65
67
74
84
88
86
85
90
106
72
79
84
71
54
87
68
63
87
53
82
76
78
90
87
104
112
177
198
199
227
215
193
220
199
193
194
197
192
162
169
177
148
163
144
146
143
127
127
139
121
151
143
150
155
127
128
112
101
117
127
105
107
99
109
99
96
130
120
109
105
110
116
116
119
110
106
100
75
106
137
96
100
112
113
112
118
95
112
107
151
115
100
84
83
80
92
106
117
139
109
121
189
224
233
194
214
247
396
432
419
397
527
641
752
665
688
751
730
890
988
959
1016
1038
1022
1059
1059
1100
