PhyllisF
6
5
8
15
16
11
20
18
29
25
42
31
31
53
56
65
69
67
108
111
125
124
164
150
181
183
195
262
288
352
392
527
779
1054
1407
2088
2427
2695
3326
3189
3852
4591
4934
5476
6268
6485
6920
7424
7919
7996
7770
7212
7307
7108
7178
7366
7371
7244
7645
7591
7415
7347
7791
7605
7024
6531
8047
9185
7874
7316
6696
6790
6153
5959
5763
5688
5651
5307
5073
4686
4435
3838
3496
3243
2895
2465
1938
1396
1086
905
766
625
504
404
309
325
241
237
222
204
181
182
178
172
151
129
107
120
115
95
85
81
80
87
69
69
70
56
46
43
40
42
35
29
25
31
25
24
20
22
25
20
13
19
22
