PrestonM
47
36
49
52
49
48
36
44
58
39
49
51
49
46
66
58
53
37
53
52
78
78
62
76
67
82
61
71
88
76
112
128
206
218
319
388
418
413
417
430
482
448
467
479
413
426
416
376
381
347
379
334
352
316
357
323
333
361
331
353
381
395
446
447
409
448
453
525
461
536
534
519
561
511
485
524
548
515
477
487
478
451
485
478
451
457
520
460
498
508
523
543
570
482
481
452
569
583
598
691
764
743
807
819
903
977
1120
1279
1349
1471
1528
1425
1526
1545
1606
1714
1667
1889
1891
2289
2744
2617
2515
2637
2645
2725
3715
3789
3458
3462
3100
3025
2934
2650
2723
