PriscillaF
26
27
35
27
40
32
42
51
56
39
40
51
50
51
59
63
72
73
71
59
110
72
79
79
80
88
107
117
106
99
142
148
205
241
279
392
440
456
518
557
637
723
761
811
861
830
834
899
886
842
824
749
728
676
664
774
758
797
1026
1542
1969
1970
1991
1831
1574
1413
1660
1932
1846
1936
1672
1589
1548
1379
1308
1281
1351
1449
1394
1271
1214
1089
1211
1245
1140
944
846
869
859
922
932
905
765
826
906
722
790
911
1099
1256
1432
1539
1489
1509
1600
1701
1535
1647
1812
1740
1754
1779
1726
1595
1506
1307
1093
1156
1283
1289
1170
1127
1088
1078
919
906
873
876
775
771
619
610
626
629
650
