RachelF
166
157
203
174
230
212
213
226
281
266
318
267
369
321
317
351
348
297
367
324
379
369
393
383
356
421
366
420
425
462
538
537
703
827
974
1205
1328
1339
1542
1488
1484
1583
1541
1484
1600
1439
1390
1285
1181
1214
1261
1171
1255
1141
1180
1200
1207
1229
1279
1344
1264
1385
1427
1371
1249
1209
1234
1448
1389
1438
1455
1432
1600
1778
1804
1803
1669
1825
1661
1747
1792
2055
1941
2178
2262
2013
2277
3315
3726
5243
6031
6124
6418
6108
7397
8226
8458
8977
9805
10233
11623
12587
13869
14588
15839
16360
15450
15642
15344
15355
15704
16341
15833
15968
15484
16042
16110
13783
12194
11619
10667
9531
8922
7976
6910
6209
5524
4821
4077
3578
3012
2653
2409
2303
2076
