RachaelF
12
8
8
9
7
8
14
13
18
16
8
17
19
16
21
26
19
18
19
22
44
19
19
32
24
23
28
21
23
21
45
43
59
60
67
96
161
145
139
118
119
144
115
103
96
83
92
86
67
58
64
34
52
50
47
50
48
55
61
60
67
65
70
61
69
55
75
77
85
101
88
93
98
143
148
115
121
123
182
140
150
189
179
195
201
216
263
447
484
725
886
850
979
972
1188
1376
1438
1486
1695
1853
2048
2132
2471
2411
2651
2761
2698
2831
2830
2832
3028
2915
2745
2745
2553
2605
2485
2039
1744
1654
1389
1302
1041
970
844
797
813
834
658
491
408
321
294
244
210
