RafaelM
7
9
6
7
5
6
0
8
9
8
9
6
7
6
8
11
7
12
8
10
12
16
10
13
22
17
21
18
22
21
29
25
42
51
57
67
73
76
80
108
124
139
146
149
174
178
166
201
215
210
214
189
168
129
132
124
117
106
111
111
120
119
148
140
177
171
198
237
266
258
301
273
366
329
421
416
446
389
501
505
542
579
568
533
579
617
620
670
769
820
946
865
928
904
927
988
975
1031
996
1024
1185
1211
1257
1184
1147
1247
1206
1215
1278
1321
1502
1480
1482
1428
1430
1459
1399
1360
1387
1438
1471
1455
1452
1409
1544
1490
1700
1622
1539
1342
1331
1274
1228
1207
1201
