RalphM
317
329
407
385
464
422
440
463
547
495
587
587
725
636
692
736
746
697
803
742
896
682
867
807
899
938
984
998
1138
1091
1279
1674
3435
3963
5010
6816
7085
7393
8161
7710
8557
8862
8484
8629
8770
8463
8453
8436
8106
7707
7634
6958
6723
6184
6281
6090
6030
5917
6019
5956
5834
6038
6635
6764
6271
5780
6587
7388
6911
6744
6409
6518
6476
6513
6301
5965
6028
5711
5446
5039
4773
4437
4174
3932
3565
3228
2785
2550
2322
2417
2248
1992
1671
1562
1373
1341
1164
1253
1077
1078
1038
897
949
845
778
752
729
725
628
662
602
562
499
520
422
413
415
364
332
343
341
320
312
300
270
257
277
239
246
210
204
208
180
193
193
