RamonaF
7
6
7
6
0
0
9
12
8
12
11
19
19
18
29
27
24
33
40
29
26
44
35
45
53
65
71
70
53
84
81
132
196
207
231
278
296
358
344
374
391
339
390
429
450
467
567
2237
2036
1410
1130
1048
952
929
885
859
1018
1000
887
840
786
756
795
676
650
724
868
831
876
1036
1113
1230
1455
1613
1644
1646
1713
1553
1648
1553
1628
1522
1435
1347
1271
1146
1016
1040
970
914
821
688
598
520
508
437
519
387
393
317
306
284
267
199
215
189
210
202
163
138
149
153
106
124
110
100
72
70
91
78
78
78
82
76
87
82
95
116
108
126
174
199
199
236
