RamonM
9
9
20
20
13
18
12
13
26
23
22
12
12
17
17
27
19
19
22
24
46
33
42
41
38
46
44
40
65
51
85
74
117
142
181
191
227
212
250
280
383
353
353
369
464
488
615
570
683
692
756
658
641
558
550
546
482
471
445
415
439
436
454
423
460
469
466
481
494
517
568
559
579
620
618
589
642
672
711
719
770
706
708
799
763
749
780
838
819
904
993
997
1003
1032
1016
1081
986
1010
1010
1142
1142
1139
1077
1064
1017
991
1028
1001
993
1078
1089
1159
1157
1094
1043
1027
994
945
1022
954
892
885
868
814
824
812
822
811
713
694
542
517
533
421
404
