RandolphM
19
18
15
16
17
21
22
15
23
27
21
22
36
26
24
29
24
29
33
23
50
24
34
35
34
40
45
40
52
60
65
74
141
148
192
220
263
265
247
242
293
270
284
295
265
267
281
275
294
212
270
232
256
228
259
311
275
300
328
393
383
417
535
665
607
645
835
963
1141
1360
1551
1634
1819
1710
1765
1766
1633
1361
1182
1073
1079
1067
982
915
817
780
749
614
603
590
571
436
416
404
383
356
382
388
345
350
308
345
314
333
278
325
258
247
245
245
227
223
177
185
143
162
127
122
108
98
109
107
104
80
66
74
76
70
57
56
49
59
46
41
50
