RandallM
8
9
14
12
11
0
7
9
6
13
6
7
6
11
11
8
10
13
12
5
17
8
16
14
18
6
10
22
32
14
21
33
57
97
111
156
156
157
185
167
171
175
166
193
193
204
230
219
197
205
240
209
219
233
277
288
277
355
411
507
530
633
760
1026
1242
1394
2065
2786
3180
4162
4846
5530
5900
5964
6533
6680
6899
6678
6307
7064
7165
6587
6232
5972
5512
4758
4449
4070
3753
3568
3270
3100
2357
2171
2116
2128
1984
1922
1973
2015
2025
2010
2114
2064
1844
1909
1887
1833
1793
1848
1602
1481
1231
1187
1063
898
825
763
651
619
543
508
443
443
399
374
380
333
336
308
251
248
245
260
235
