RayM
142
148
195
202
232
237
271
258
331
355
349
360
385
378
379
380
426
397
394
315
457
338
391
397
432
424
421
475
447
475
545
602
1050
1328
1657
2365
2334
2427
2762
2722
3086
3075
3054
3159
3369
3219
3407
3250
3250
3176
3250
3162
3259
3032
3173
3069
2940
2724
2881
2709
2792
2696
3063
3064
2903
2741
3167
3381
3133
2710
2638
2673
2690
2811
2976
3066
3232
3410
3182
3221
3078
2922
2677
2581
2275
2091
1826
1619
1596
1524
1464
1266
1178
1047
956
894
850
808
792
825
841
855
866
764
765
768
740
769
743
723
755
694
582
563
564
495
445
443
445
414
435
360
376
336
391
420
449
381
370
365
364
344
323
357
325
