RaymondM
165
195
230
233
299
308
353
372
469
511
546
575
681
703
767
806
859
837
929
869
1150
888
1065
1051
1093
1159
1133
1290
1381
1441
1737
2088
4374
5311
6820
8982
9565
9957
11603
11384
12193
12642
12134
12462
12871
12445
12808
12802
11950
11899
11711
10856
10345
9514
9583
9560
9452
9575
9729
9246
9567
9950
11108
11390
10625
9856
11283
12351
11614
11306
11178
11224
11227
11121
11240
10987
11089
10807
10210
9804
9717
9607
9072
8788
8594
8055
7386
7067
6885
6645
6797
6106
5446
4831
4582
4530
4222
4379
4135
4340
4577
4367
4295
4011
3974
4087
4052
3994
4031
4107
4061
3861
3586
3327
3138
2921
2806
2697
2638
2640
2400
2334
2175
2044
2051
1959
2036
1952
1770
1640
1580
1522
1454
1335
1397
