RebeccaF
236
226
259
244
278
302
355
275
337
337
374
320
353
358
399
386
371
376
376
347
503
342
382
334
371
402
397
400
451
470
519
546
754
739
890
1169
1132
1215
1243
1267
1269
1272
1296
1273
1359
1203
1145
1260
1122
1084
1113
1089
1189
1073
1161
1208
1201
1208
1574
1795
2555
2926
3240
3268
3247
3331
4840
6331
6796
8775
9425
10934
12225
12957
13209
12394
12173
11486
10404
10474
9969
10233
9409
9393
9473
10214
9778
9819
10229
10951
10858
12197
13256
14870
15169
13928
14493
14194
13799
14548
15283
16737
15726
14711
13345
12702
11787
11628
11870
12431
13670
13296
13109
12314
11278
9903
10624
9623
8419
7424
7056
5880
5210
4858
4456
4001
3556
3213
2907
2462
2280
2111
2008
1791
1774
