ReginaldM
14
12
7
12
16
16
15
11
14
14
19
22
24
23
22
26
30
18
22
25
27
31
43
48
40
53
47
47
47
56
59
86
134
180
200
244
243
261
278
244
274
271
283
336
347
430
474
446
401
439
423
423
374
341
375
350
375
389
409
403
514
530
633
613
567
588
719
897
942
1091
1300
1467
1491
1642
1806
2079
2229
2416
2494
2407
2442
2467
2647
2571
2616
2472
2329
2403
2553
2424
2307
2117
1914
1631
1611
1499
1427
1519
1515
1656
1479
1410
1378
1268
1336
1312
1348
1336
1333
1297
1282
1277
1230
1143
929
863
817
763
736
682
700
566
583
531
502
494
500
493
471
429
403
359
359
350
285
