ReginaF
36
41
43
38
67
71
69
66
92
98
114
105
128
114
131
138
149
176
167
131
201
219
198
213
198
223
229
242
256
264
359
343
483
504
694
869
921
1016
1132
1068
1116
1144
1136
1175
1226
1077
997
959
956
890
800
777
714
647
681
641
703
706
686
689
720
727
973
1084
944
984
1233
1492
2292
2266
2166
2421
2556
2709
2715
3370
3424
3661
3825
3939
4586
4760
5001
4712
4999
4548
4294
4363
4294
4268
4435
3872
3104
2843
2587
2570
2273
2326
2187
2121
2045
1881
1713
1651
1489
1275
1269
1200
1064
991
991
872
814
743
666
650
627
576
509
461
497
454
408
425
423
476
489
520
442
405
499
523
507
503
587
