RenaF
74
88
103
105
94
148
119
155
172
161
192
173
181
186
217
189
203
193
218
193
235
215
230
217
225
204
188
209
201
193
253
260
319
306
387
519
573
522
518
517
494
550
518
486
521
452
445
433
429
409
373
341
344
320
355
353
296
353
303
326
308
319
348
389
316
330
374
393
407
393
370
395
412
423
428
471
466
479
491
495
517
524
576
481
538
447
420
398
416
400
400
353
324
265
269
286
241
275
260
244
303
288
302
258
222
193
190
185
195
177
155
150
149
127
102
115
135
99
110
125
126
131
116
131
98
108
113
107
86
88
100
67
75
61
82
