ReneeF
7
0
0
0
0
5
7
7
5
5
0
7
8
10
13
13
17
14
13
29
37
35
34
48
58
73
84
79
94
74
87
104
113
115
137
182
214
250
358
433
389
362
328
315
315
312
315
301
298
289
285
309
334
439
557
596
607
878
1001
1362
1733
1692
1868
2180
2692
2981
3691
4333
4171
4496
4843
5206
5778
6017
5775
6012
5496
5355
5562
5356
5254
5374
4831
4091
3846
3531
3407
3319
3260
2969
2977
2844
2996
2892
2848
2582
2439
2215
2048
1890
1660
1572
1410
1340
1133
1050
986
956
944
870
819
825
754
694
665
619
529
504
409
404
365
309
318
295
283
280
