ReubenM
92
73
73
57
82
72
82
54
84
73
75
75
89
86
87
102
90
82
78
64
86
68
82
65
71
88
79
88
102
91
93
109
220
293
372
431
441
430
453
432
465
399
438
425
436
362
368
374
302
290
284
249
249
228
225
227
209
203
217
178
190
213
222
201
204
181
228
201
213
207
206
218
246
199
181
220
220
241
216
241
250
223
215
245
235
214
174
178
181
159
249
258
232
210
246
230
268
287
296
266
294
276
266
240
255
279
294
292
274
287
304
274
248
240
247
223
223
194
229
224
205
211
223
229
214
213
230
217
219
236
196
211
207
234
264
