RexM
13
7
13
15
13
17
26
28
28
23
30
24
28
25
30
34
35
31
39
29
59
29
46
43
33
46
61
48
64
68
65
82
164
243
334
401
461
471
510
522
614
591
616
583
589
553
551
519
519
493
541
519
577
625
631
647
612
601
628
564
547
557
521
615
573
484
662
846
903
959
1071
1504
1495
1343
1377
1398
1451
1332
1240
1283
1313
1269
1134
982
958
789
718
583
513
478
507
473
373
326
297
296
283
291
254
261
300
267
265
246
258
261
232
231
247
224
232
220
207
178
167
158
139
152
150
137
112
116
154
182
182
237
251
236
274
303
331
384
384
390
387
