RhodaF
73
84
79
93
93
106
114
104
130
148
138
138
140
136
136
136
130
127
148
127
151
125
152
122
116
145
132
138
108
136
170
161
189
189
266
385
385
345
433
420
421
430
464
435
503
514
547
455
504
483
497
487
420
377
425
404
376
341
360
348
315
284
331
306
276
227
271
287
251
271
278
262
230
253
233
238
241
356
265
259
227
212
181
189
221
225
234
161
143
132
117
129
128
132
162
182
115
94
80
76
75
68
56
47
53
49
52
32
35
42
48
57
37
35
30
33
38
47
38
41
39
38
32
33
41
36
36
31
43
33
49
30
33
36
40
