RicardoM
6
0
0
7
0
0
0
0
0
0
0
0
0
5
7
8
8
0
0
10
9
14
9
17
25
17
26
37
40
46
52
61
74
54
85
80
115
138
99
152
167
203
217
176
159
167
190
162
158
196
185
179
208
218
205
211
253
281
351
380
448
491
612
670
863
1048
1094
1104
1096
1188
1292
1343
1314
1240
1258
1323
1317
1279
1197
1296
1348
1573
1651
1667
1700
1632
1809
1729
1785
1725
1882
2075
2322
2364
2291
2177
2204
2138
2221
2122
2502
2734
2800
2848
3022
2946
2973
2871
2883
2925
3045
2986
2917
2851
2708
2761
2780
2624
2700
2779
2751
2301
1882
1628
1564
1427
1460
