RichardM
728
641
746
649
749
672
720
622
772
711
744
609
802
732
808
727
833
702
872
744
1142
784
908
863
957
1034
1084
1235
1244
1427
1654
2030
4188
5107
6669
9143
10134
10914
12324
12442
15010
16376
17539
18884
21245
23274
25146
26766
28791
29573
32174
31816
31795
31331
33152
33938
33484
32972
34383
35371
37418
39102
43582
46333
45634
46047
58860
58508
50967
50934
51028
54520
58333
58317
57005
53531
52878
52404
49957
47176
43568
41116
39420
40782
40106
36856
34471
33595
32994
31102
30468
26169
22321
19953
18655
17684
16768
17452
16730
16720
16658
16855
16708
15892
15596
15328
15006
14396
14137
14134
13574
12551
11326
10227
9514
8783
8179
7242
6953
6499
6352
5767
5317
5052
4845
4662
4466
4419
4053
3605
3229
3159
3014
2788
2870
