RileyM
41
47
54
45
47
58
39
46
37
44
39
28
39
36
38
49
39
44
39
35
53
30
37
29
32
34
37
40
42
49
63
47
87
97
101
142
166
139
174
194
166
160
163
174
168
165
179
161
168
162
163
137
131
154
155
156
156
139
140
140
150
174
157
171
171
139
166
186
180
169
152
147
163
163
166
131
133
141
116
112
108
102
112
99
106
73
93
73
94
79
78
96
85
90
85
107
106
118
167
162
164
181
199
226
252
333
403
476
528
677
813
864
1067
1376
1587
1918
2393
2833
3013
2970
3420
3650
3958
4076
4109
4110
4391
3969
4125
3783
3640
3454
2876
2549
2439
