RitaF
19
20
21
15
24
31
28
40
52
75
54
65
87
95
104
105
109
117
146
147
162
135
148
174
166
188
203
266
255
295
333
403
636
1096
2010
3063
3477
3870
4447
4517
4978
5157
4977
5093
5383
5327
5010
5084
4809
4766
5467
4613
4256
3841
3683
3578
3333
3418
3357
3188
3441
3881
4705
5011
4528
4283
5532
5982
5834
6652
6426
6415
6145
6281
6539
6090
6052
6015
5339
4949
5028
4528
4100
3804
3469
3062
2687
2374
2076
1735
1587
1419
1199
1033
993
884
860
801
892
880
837
854
708
592
604
589
543
518
484
411
433
423
391
341
317
296
303
240
246
228
251
270
243
199
215
219
207
209
186
165
176
169
169
182
169
