RobertaF
34
41
35
48
55
45
72
64
74
73
91
88
86
82
116
130
113
130
144
140
199
165
176
205
211
243
233
291
296
353
433
441
693
755
921
1156
1313
1426
1680
1552
1636
1732
1659
1658
1773
1759
1877
2231
1924
1971
1951
1953
2244
2038
2372
3179
3466
3568
3546
3411
3432
3396
4105
4168
3744
3601
4016
4261
3667
3659
3633
3979
4226
4300
4043
3781
3867
3702
3298
3083
2843
2559
2529
2324
2278
2129
1816
1622
1491
1505
1375
1169
979
865
819
670
616
575
529
493
483
462
412
335
315
289
284
261
209
232
202
190
164
149
119
107
108
96
87
76
66
71
64
42
46
54
66
59
42
38
45
59
57
42
66
