RobertM
2415
2140
2500
2334
2468
2322
2444
2125
2814
2513
2541
2240
2710
2563
2497
2635
2719
2701
2932
2609
3821
2543
3180
3044
3414
3410
3635
4020
4220
4563
5610
6526
12837
15683
21188
28738
31740
35220
40624
41024
48681
52779
53798
56120
60794
60896
61126
61664
60690
59802
62146
60499
59250
54208
55827
56520
58489
61821
62262
59646
61194
64232
71838
74856
70846
69930
84129
91646
85477
83857
83590
86324
86568
86191
86268
83676
83910
81707
77295
74503
72385
72912
70212
70021
69998
63144
59344
56387
58223
58349
57208
50653
43033
38722
37043
35342
33814
34223
33389
34025
34273
34393
34413
32743
31757
32083
31333
30230
30309
30064
28865
26827
24087
22444
20556
18581
17670
16303
15524
14537
13734
12659
12024
11387
10675
10149
9893
9367
8821
7815
7542
6959
6929
6690
6612
