RodneyM
13
6
12
11
13
13
14
9
12
9
19
11
16
19
9
19
14
17
20
18
21
10
19
13
13
20
29
17
27
25
34
59
88
131
189
235
237
234
253
315
353
361
401
388
397
447
482
562
589
538
639
708
827
782
930
1026
1009
1026
1300
1447
1398
1553
1785
1984
1783
2185
3303
3562
3465
3827
3858
4290
4403
6531
5959
6044
6060
5863
5862
5915
5852
5661
5440
5187
6071
11085
10263
8440
7512
6666
5864
5203
4367
4062
3849
3582
2992
2713
2556
2300
2265
2029
1948
1694
1624
1620
1631
1593
1730
1736
1709
1560
1476
1310
1183
1099
1054
995
865
868
799
740
714
687
602
577
605
637
545
553
457
460
429
392
355
