RogerM
25
29
32
24
39
27
32
39
47
49
52
55
55
49
58
69
70
58
74
67
81
60
73
86
91
73
94
127
115
128
176
241
464
565
816
1086
1087
1249
1426
1299
1690
1803
1848
1889
2054
2099
2260
2409
2774
2926
3247
3625
3785
3916
4766
5150
5704
5708
6555
7151
7599
8093
9173
10764
10577
10569
12413
12760
12814
12819
12552
12417
12130
13165
11701
10961
10146
9860
8375
8782
9032
9653
9074
7755
7387
6433
6303
5721
5188
4909
4586
4133
3538
3158
2757
2621
2465
2312
2142
2027
2076
2243
2167
1868
1716
1705
1608
1558
1574
1477
1456
1295
1438
1132
1071
1001
956
804
768
730
699
719
676
664
630
644
594
582
596
548
503
476
458
471
474
