RolandM
36
30
38
36
43
48
55
49
49
60
68
69
80
91
88
97
92
92
97
101
133
113
115
107
139
143
125
132
156
153
191
230
522
611
882
1137
1201
1285
1385
1355
1502
1629
1540
1680
1822
1784
1702
1713
1777
1730
1719
1698
1609
1473
1444
1487
1490
1318
1429
1329
1266
1288
1450
1384
1269
1185
1262
1433
1334
1219
1193
1297
1274
1276
1323
1263
1221
1210
1109
1159
1141
1130
1068
1070
1087
933
880
800
797
772
738
640
578
564
517
513
511
472
485
465
480
455
421
404
430
414
380
406
434
404
380
359
358
332
324
286
315
254
252
255
257
242
238
248
235
276
265
301
296
304
289
302
313
360
437
