RomanM
7
10
0
7
9
16
14
13
10
10
0
9
10
19
15
19
22
21
20
18
23
18
23
31
29
31
39
33
44
57
86
134
191
234
265
256
269
258
248
257
255
256
248
223
223
235
220
187
165
184
166
130
135
106
117
87
105
93
125
99
116
122
91
91
92
118
117
145
149
155
154
184
174
157
178
166
175
157
141
151
189
184
182
185
153
154
216
248
374
390
361
364
349
351
316
291
259
286
258
286
369
386
409
362
390
404
507
572
623
600
626
657
624
646
670
738
803
785
898
982
1040
1041
1395
1860
1814
1885
1927
1835
1989
2461
2569
2875
3454
