RonaldM
6
11
0
13
8
15
11
20
8
17
8
21
25
23
34
26
27
40
43
49
52
50
51
76
88
75
93
118
136
302
417
541
764
723
767
751
784
832
993
1042
1148
1360
1676
2287
3111
3977
4474
5637
6722
11137
12060
14079
15480
16917
18136
20291
19833
20730
24394
27128
29234
25510
23668
31844
34883
33514
31493
29933
29033
27787
27684
27593
26147
27725
27192
24811
23106
21706
20817
19975
19776
18843
17628
16956
16439
15430
14622
13617
11639
9509
8327
7670
7066
6462
6032
5755
5701
5761
5533
5206
4706
4508
4297
4222
4152
4171
4105
3900
3670
3223
2880
2563
2399
2230
2096
1846
1870
1750
1652
1519
1403
1451
1301
1373
1172
1088
924
911
886
795
740
786
