RosaF
507
500
542
507
607
623
673
659
832
707
770
729
796
790
780
832
808
770
841
765
1118
845
909
911
903
922
865
924
941
959
1131
1022
1305
1366
1514
1793
1793
1828
2034
2189
2199
1977
2106
2050
2148
2232
2113
2110
1969
1885
1878
1632
1755
1646
1582
1599
1452
1440
1568
1491
1551
1473
1574
1680
1669
1579
1619
1800
1929
1921
1887
1953
1943
2032
2100
2044
2174
2079
1863
1795
1827
1643
1607
1511
1516
1403
1395
1321
1346
1437
1422
1369
1287
1257
1246
1204
1158
1089
1073
1150
1267
1225
1203
1047
977
1011
967
970
976
1138
1175
1149
1171
1256
1254
1005
991
967
1121
979
1003
932
872
786
733
775
808
741
695
622
514
465
466
433
474
