RosalieF
39
26
40
23
53
49
49
57
63
58
57
71
84
86
81
86
95
102
101
103
121
118
155
127
173
152
164
184
180
197
281
309
433
462
584
840
787
809
890
910
984
1075
1104
1159
1152
1093
1159
1176
1235
1160
1119
1002
1103
925
900
779
844
1116
3759
2162
1735
1513
1544
1425
1097
975
1128
1078
1115
976
875
867
765
748
675
624
586
562
541
545
521
507
472
460
394
317
296
244
220
214
180
172
162
172
166
150
171
153
168
186
161
184
195
155
167
160
159
145
179
167
158
164
149
143
151
120
119
137
121
142
131
134
143
136
135
145
161
132
165
337
496
532
771
930
1052
