RosemaryF
9
8
7
5
11
11
8
14
16
11
16
23
12
23
18
29
29
23
40
29
37
48
54
64
61
87
91
123
141
160
298
388
563
820
996
1124
1259
1330
1713
2034
2170
2428
2735
2754
2899
3153
2971
3104
3151
2721
2483
2226
2131
2395
2147
2307
2681
2611
2874
2676
3001
2968
2744
3500
4488
4542
3868
3633
3458
3341
2785
2428
2190
2010
2061
2274
2214
2232
2189
2130
1936
1733
1628
1275
1121
914
874
796
796
744
618
608
625
535
497
459
453
488
576
565
531
490
488
512
472
455
432
466
472
429
420
394
402
403
420
339
392
374
395
396
402
399
374
361
408
403
395
404
393
436
478
559
530
