RoseF
700
734
886
877
1060
1164
1261
1242
1590
1550
1725
1696
2023
2012
2126
2262
2341
2316
2436
2197
2845
2212
2444
2478
2631
2724
2901
3116
3382
3374
3837
4151
5431
6171
7573
9375
9605
9784
9569
9193
9011
9351
8792
8440
8481
8279
8511
8496
8158
7787
7691
6877
6471
5768
5579
5230
5698
5448
5289
5040
5196
4948
5252
5208
4708
4556
5180
5658
5556
5370
5374
6184
6554
7009
8007
7855
7335
6904
6051
5442
4889
4315
4002
3699
3481
2864
2533
2251
1952
1870
1778
1428
1309
1094
1055
947
970
965
916
921
1132
1096
1098
1061
1057
965
822
836
866
893
901
883
858
744
789
787
702
666
1019
1132
1079
1029
922
849
890
964
956
939
968
933
956
1093
1245
1423
1688
