RosieF
106
85
140
115
152
142
133
162
211
239
238
264
249
242
288
322
314
339
330
332
576
330
417
423
468
500
497
511
502
604
736
643
793
744
957
975
1030
1099
1190
1398
1396
1313
1385
1395
1482
1515
1491
1560
1385
1366
1344
1206
1313
1184
1238
1189
1107
1125
1193
1160
1120
1105
1112
1127
1088
1096
1181
1208
1153
1214
1105
1086
1004
1000
1065
1031
1008
985
917
806
744
677
602
581
540
471
381
341
290
294
255
262
234
226
152
166
164
179
162
162
154
162
156
131
137
120
119
99
121
123
157
115
118
118
110
131
128
147
144
107
98
105
122
106
103
114
123
128
138
137
126
134
223
294
325
