RossM
69
82
96
88
110
109
107
85
90
115
101
86
90
76
110
73
83
62
75
95
83
72
90
67
73
74
88
76
99
81
103
140
240
300
360
451
457
503
569
569
548
514
576
575
588
559
530
454
484
412
500
452
423
416
442
427
475
465
479
480
458
514
554
585
564
555
650
789
720
763
769
884
907
918
1000
1027
992
953
1031
1030
1044
1022
1138
1126
1025
987
916
797
847
885
881
858
709
715
672
680
680
823
920
1001
1041
1241
1465
1344
1744
1884
1773
1664
1768
1786
1619
1446
1277
941
838
1046
1041
795
789
667
561
503
424
377
350
313
283
259
258
227
218
214
212
193
184
