RoyM
440
440
521
556
680
691
767
726
856
888
941
838
1048
919
1018
1028
1027
999
1049
912
1215
917
1002
975
1123
1017
1024
1128
1097
1135
1267
1394
2591
3090
3852
5052
5327
5586
6211
5968
6356
6547
6460
6317
6552
6374
6229
6384
6225
5812
5913
5487
5234
4902
5104
4939
4817
4887
5038
5151
5563
5945
6308
6931
6529
6179
6918
7564
7062
6621
6461
6455
6529
6650
6500
6317
6129
6058
5526
5176
5249
4963
4476
4437
4147
3786
3521
3274
3181
3003
3039
2960
2479
2237
2187
2123
1872
1913
1800
1753
1778
1726
1616
1453
1382
1380
1283
1258
1163
1257
1224
1126
991
896
860
731
718
747
653
637
635
571
564
569
542
529
596
534
551
472
453
443
461
507
519
