RubenM
30
21
34
30
28
28
40
34
21
33
25
25
44
41
33
37
49
42
45
32
50
35
45
50
38
41
52
62
60
71
83
59
134
154
199
256
237
289
286
292
336
357
361
368
398
427
440
478
493
484
517
464
468
398
442
488
482
489
445
450
443
462
512
544
506
560
647
737
908
1000
1025
1038
1099
1202
1258
1288
1366
1382
1377
1358
1358
1382
1381
1259
1345
1150
1198
1175
1139
1237
1326
1321
1323
1309
1384
1377
1366
1365
1379
1397
1488
1473
1471
1494
1374
1453
1381
1526
1592
1594
1744
1732
1805
1747
1722
1696
1661
1595
1582
1637
1716
1734
1571
1655
1601
1464
1591
1475
1354
1197
1101
975
955
887
891
