RubyF
92
119
136
163
244
272
301
309
445
522
540
554
695
769
874
954
994
1025
1191
1103
1541
1225
1458
1538
1701
1885
1962
2113
2229
2524
2893
3372
4452
4913
5625
7237
7685
7662
8134
8334
8337
8333
8002
8231
8407
7844
7472
7262
6694
6150
5990
5334
5466
4942
4978
4764
4226
4287
3941
3712
3618
3582
3519
3467
3190
2905
3048
3070
2895
2575
2419
2347
2375
2341
2144
2009
1992
1784
1638
1500
1390
1276
1148
1381
1114
985
806
746
639
682
695
730
637
636
601
629
613
601
629
660
660
676
622
592
595
591
558
632
621
763
953
1005
1039
1032
1031
1052
985
1037
1206
1208
1263
1362
1578
1704
2118
2468
2579
2894
3015
3014
2791
2762
2910
3304
3413
