RudolphM
54
62
52
61
77
70
68
71
54
83
92
68
95
101
104
106
108
109
115
100
147
87
119
120
128
132
125
135
173
173
218
217
453
564
732
974
988
946
962
803
830
960
1144
1305
1228
1243
1637
1685
1307
1222
1218
1100
959
848
779
745
647
629
683
588
623
599
659
662
574
573
628
696
718
820
756
830
777
743
653
654
721
568
486
459
442
413
413
411
378
329
352
276
270
251
309
274
232
215
216
188
199
181
182
190
196
170
192
178
165
157
138
156
169
183
146
131
119
108
105
105
109
76
92
62
72
81
69
65
59
58
50
45
54
35
32
44
43
35
47
