RufusM
163
121
147
125
117
118
139
119
126
108
115
107
137
139
128
135
145
124
141
127
157
121
152
134
138
157
156
175
156
206
221
230
336
410
495
588
577
646
721
677
729
721
737
678
709
676
642
689
602
567
565
481
511
477
479
459
451
476
445
429
458
457
456
484
479
411
467
488
465
499
407
444
458
446
474
409
400
412
346
358
332
329
272
301
304
229
228
231
194
205
184
196
179
163
144
147
149
142
132
134
149
139
119
120
108
125
89
97
96
78
80
78
67
55
62
44
39
47
42
40
35
34
38
27
41
34
35
29
27
23
36
40
30
44
20
