RussellM
62
65
73
67
107
94
115
96
146
198
182
186
269
246
278
300
327
295
359
338
427
395
422
390
473
432
459
503
523
528
615
770
1448
1946
2568
3250
3330
3437
3833
3646
3902
3946
3966
3804
3946
3803
3794
3540
3328
3182
3100
2944
3022
2694
2731
2832
2833
2898
2948
2828
3011
3031
3674
3753
3929
3801
4739
5268
5112
5005
4943
5181
5340
5382
5762
6523
7404
7220
7144
7478
7475
7340
7044
6705
6238
5654
4862
4890
5097
5160
5118
4538
3784
3400
3175
3231
2996
3126
2984
3132
3271
3046
3034
2743
2685
2570
2401
2380
2298
2218
2213
1833
1710
1516
1270
1205
1085
1100
951
854
893
925
838
811
768
730
740
712
724
643
697
706
656
667
755
