RuthF
234
275
323
387
442
506
581
627
850
1073
1195
1857
3290
3658
3372
3551
3905
3878
4249
3912
4765
3974
4384
4518
4900
5068
5140
5573
6180
6509
7212
8003
11280
12608
15839
21881
23189
23567
25535
24566
26100
25783
23628
23636
23601
22250
20216
19412
17864
16014
14938
13127
12252
11137
10565
9989
9212
9605
9300
9059
8886
8862
9313
9365
8675
8043
8473
8481
7901
7651
7126
7078
6947
6579
6562
6186
6072
5669
5247
5051
4943
4892
4293
3869
3636
3231
2847
2419
2148
1901
1818
1628
1384
1274
1300
1230
1198
1189
1208
1200
1254
1266
1176
1124
1162
1116
1082
1031
997
986
906
984
853
855
879
849
800
856
848
866
902
938
900
886
905
906
888
956
924
912
928
897
925
982
1053
