SadieF
317
366
391
425
466
514
562
519
691
664
680
617
724
706
745
829
827
757
808
705
895
676
716
683
703
750
748
771
770
749
886
806
1032
1112
1296
1458
1529
1404
1453
1412
1285
1248
1264
1180
1121
1050
1030
945
894
829
820
727
680
683
649
626
556
531
529
496
525
499
457
433
413
400
382
383
324
352
315
302
297
265
252
228
240
214
180
143
153
150
122
135
106
110
91
102
82
80
89
119
104
108
149
198
219
235
259
272
276
279
277
217
217
299
329
388
403
476
541
582
609
683
851
971
1055
1067
1123
1085
1312
1479
1560
1706
1747
1951
2226
3174
3160
2968
2630
2595
2587
4644
4849
