SallieF
404
416
487
409
494
457
490
525
633
525
571
569
582
516
584
573
498
545
598
544
676
488
556
523
483
607
520
492
489
472
569
509
637
656
760
781
912
807
850
897
803
782
757
791
782
791
686
656
635
623
564
536
556
570
539
587
520
493
582
511
479
500
533
523
507
461
528
605
503
488
475
481
441
430
431
383
330
356
328
335
362
361
289
242
260
199
172
135
146
118
121
101
92
87
93
93
76
69
65
85
80
70
62
67
72
61
63
60
60
62
58
55
52
44
38
44
40
40
44
36
36
36
32
33
30
38
41
25
29
15
17
25
33
18
26
