SallyF
80
79
95
73
95
107
104
112
142
123
154
115
160
134
168
162
185
206
199
185
288
214
266
288
278
303
358
387
443
470
553
535
821
879
1064
1121
1221
1029
1086
991
958
891
972
999
1145
1309
1467
1630
1890
2213
2544
2555
2915
3147
3726
3709
3634
3926
4276
4243
3805
3963
4655
4656
4391
3981
4844
5266
5009
4773
4872
5141
5038
5178
5077
4686
4349
3996
4302
4065
3755
3463
3173
2744
2708
2321
1833
1638
1403
1310
1250
1062
910
951
957
949
899
790
776
735
738
712
633
659
614
566
591
528
543
536
549
530
496
445
396
390
365
337
327
327
329
299
262
226
264
244
243
252
227
226
213
211
207
218
209
