SamM
457
481
555
476
533
492
519
463
607
486
489
418
551
481
507
487
518
478
543
469
821
479
559
552
603
620
552
631
644
700
888
928
1325
1527
1880
2339
2313
2455
2505
2384
2283
2366
2349
2207
2119
2094
2034
1902
1758
1730
1669
1458
1452
1351
1323
1363
1235
1216
1160
1122
1147
1191
1280
1321
1214
1138
1301
1416
1240
1103
956
1032
944
882
871
872
951
1072
1176
1297
1210
1195
1067
1017
958
773
679
610
565
584
601
540
499
477
436
420
398
356
417
377
366
383
374
360
364
347
380
481
479
503
584
590
574
562
553
569
527
484
489
497
514
553
558
578
593
556
585
612
604
580
550
544
507
476
520
