SamanthaF
21
12
15
17
16
17
13
16
18
14
15
20
20
20
16
16
18
13
21
15
27
16
15
5
8
12
13
16
13
10
10
15
20
13
20
20
20
23
17
23
26
29
28
22
15
19
9
11
14
14
14
10
16
15
15
22
20
23
17
23
19
20
24
28
24
31
33
29
40
44
36
38
38
32
30
27
33
40
109
113
83
73
75
73
423
1963
1794
1806
2338
2425
2302
2212
2227
2119
2253
2836
3352
3286
3890
4460
4919
5523
6766
7707
8033
10657
14093
17937
20697
24790
25865
25645
24403
23666
22817
21646
20545
20169
20192
19034
17264
15860
14659
13865
13777
13633
12457
11871
11175
9655
8398
7384
6916
6494
5709
