SamuelM
1024
919
1003
937
945
888
870
802
931
810
815
753
902
851
776
814
734
759
749
704
877
628
702
741
727
856
783
892
960
983
1129
1398
2602
2850
3704
4351
4399
4490
4772
4472
4654
4755
4601
4577
4595
4406
4179
4186
3846
3568
3528
3376
3407
3110
3138
3152
2889
3029
3245
3252
3361
3534
4198
4136
3950
3955
4521
5109
5000
5363
5232
5474
5658
5422
5632
5531
5572
5231
5042
4958
4711
4678
4546
4519
4477
4399
4166
4234
4125
4437
4563
4408
4215
4268
4674
4622
5026
5265
5394
5683
6010
6035
6009
6195
6358
7001
7569
8572
9556
10101
10883
11228
11335
11701
12141
12431
13620
14222
13895
14025
14166
14787
14553
14655
14101
14246
13625
13346
12745
12136
11948
11334
11433
11088
10948
