SandraF
9
6
10
5
15
5
9
15
20
36
40
49
43
63
72
86
112
120
97
110
145
177
171
207
235
253
298
454
822
1364
2552
4089
5525
7519
10803
11968
16151
19499
24990
25988
26022
24703
31690
34774
31062
30646
28895
27657
26084
25498
26064
25103
24285
22768
21824
23355
24571
24141
22415
21612
19249
16374
15855
14739
12680
12176
11243
9711
7912
6588
6268
5374
4863
4370
4005
3995
3996
4037
3646
3171
2878
2657
2639
2410
2258
2328
2343
2140
2015
1884
1771
1706
1659
1449
1366
1286
1268
1207
1139
1180
1175
1017
890
799
720
585
579
470
414
355
351
