SarahF
1288
1226
1410
1359
1518
1424
1569
1436
1755
1730
1786
1669
1799
1632
1701
1777
1691
1713
1800
1587
2055
1514
1710
1553
1594
1762
1697
1799
1814
1845
2173
2201
2919
3178
3680
4414
4796
4768
4969
5020
5032
5023
4982
4964
5043
4687
4422
4559
4244
3816
3920
3633
3599
3619
3598
3617
3515
3585
3748
3670
3870
3981
4100
3987
3860
3593
3906
4223
4156
4298
4145
4034
4039
4081
4040
3982
3876
3984
3910
3874
4205
4207
4546
4576
4587
4056
4036
4138
4487
5076
5620
5851
6112
7216
9787
11169
13994
18097
19978
21017
25747
28171
28482
27229
25875
24877
28146
27884
28358
27790
25810
25228
24633
24248
22281
21369
21029
20694
19873
19088
17689
15889
14752
13756
12732
11527
11144
9985
9032
7767
6314
5547
5174
4686
4682
