SaraF
165
147
180
183
197
215
247
214
293
286
262
260
276
290
304
363
326
353
362
323
375
315
335
333
359
437
457
494
546
559
633
687
962
1121
1488
1913
1992
2147
2295
2171
2364
2350
2220
2185
2315
2033
2022
1994
1869
1751
1768
1707
1759
1863
1842
1774
1823
1901
1949
1872
2087
2071
2190
2020
1904
1803
2034
2174
2020
1971
2058
2075
2046
2078
2125
1972
2006
2109
1991
2031
2038
2200
2470
2484
2354
1976
2056
2217
2456
2795
3061
3204
3182
3480
4650
5130
8023
8709
8866
8656
11148
11351
11340
10085
9314
10553
11044
10088
10011
9706
8973
8845
8440
7900
7217
6691
6287
6155
6007
5620
5315
5150
4936
4759
4502
4275
4400
4017
3589
3039
2628
2386
2252
2081
1961
