SaulM
15
0
15
5
0
11
10
11
20
0
7
9
11
9
16
13
11
11
11
17
23
13
24
17
26
12
18
36
35
41
42
57
125
148
162
207
222
228
239
232
206
229
204
225
213
206
189
189
179
157
149
138
122
131
130
109
120
113
123
99
87
97
107
97
79
85
101
112
104
103
114
122
103
117
122
120
112
140
150
136
128
169
144
145
123
167
135
160
159
193
219
193
245
251
266
279
295
323
291
351
363
410
362
379
387
409
412
428
435
522
567
592
616
580
599
714
869
1044
916
891
1058
1102
1028
1071
1103
1112
1120
1069
998
866
760
715
687
655
661
