ScottM
60
51
48
47
56
52
42
38
44
46
40
35
49
36
47
43
31
44
30
25
39
28
36
24
35
28
38
40
41
39
49
61
96
116
138
157
147
170
161
189
192
204
199
211
207
184
186
176
188
164
146
139
173
168
171
211
218
218
260
276
340
402
520
540
611
848
1524
2028
2301
3052
4273
5384
6535
7489
9456
10770
13219
15743
19166
19757
21608
23920
30708
30420
28517
25453
26040
25553
26033
28684
28601
30923
22865
18982
18046
17323
15747
14211
13543
14466
13312
12724
12213
10850
10580
10140
9961
10192
9344
8849
8083
7109
6447
5572
4916
4083
3671
3343
3062
2719
2457
2294
2026
1770
1640
1474
1362
1247
1033
915
871
801
775
680
720
