SethM
25
35
31
26
21
34
23
18
30
27
15
22
29
15
14
18
11
19
14
11
27
15
10
18
14
17
17
20
20
23
15
22
41
66
67
80
84
81
100
86
109
109
95
94
83
96
82
68
74
64
55
56
66
70
71
56
52
60
65
61
57
70
82
84
64
77
90
91
99
140
132
118
129
174
218
215
247
260
315
292
343
328
316
292
347
325
342
395
526
582
794
781
869
1138
1411
1868
2100
2287
2503
2840
3050
3137
2911
2854
2914
2822
2978
3338
3490
3633
3560
3806
3911
4060
4133
3912
3886
4042
4585
6304
6715
6222
5736
5255
5185
4710
4325
3766
3278
2937
2376
2086
1810
1590
1499
