SharonF
5
0
0
0
0
0
0
5
0
7
0
5
7
11
9
16
20
15
25
27
30
42
43
55
57
87
114
118
160
359
523
576
709
962
1355
2427
3573
4704
7244
9013
11118
14269
19648
24710
22428
20833
27825
28535
26141
25711
24614
23926
23377
23050
22211
22047
26882
24279
21104
21292
20427
20442
19630
17794
16448
15131
13062
11925
10338
9690
9174
7522
6110
4964
4277
3736
3454
3091
2757
2691
2383
2152
2028
1779
1630
1535
1427
1248
1197
1119
1008
985
937
850
857
812
861
756
691
684
670
587
536
539
515
500
471
414
479
366
341
323
327
291
311
