ShermanM
54
47
50
48
69
65
66
78
79
59
67
77
76
71
100
75
100
61
74
65
95
64
78
70
81
72
71
74
118
115
107
123
218
284
320
425
463
467
502
463
488
487
541
506
527
499
473
525
510
504
473
441
433
442
437
510
485
543
521
546
532
557
553
539
512
512
520
576
595
557
636
632
611
606
557
594
531
513
600
510
563
495
493
449
446
409
337
369
351
383
387
383
370
291
329
333
291
301
312
287
304
283
271
251
216
196
189
172
170
195
164
183
175
144
148
114
116
124
103
80
108
89
70
75
66
70
72
55
60
50
43
40
46
40
39
