ShirleyF
8
0
9
18
18
16
16
20
32
42
40
35
58
52
47
43
55
61
70
74
110
95
104
102
138
162
187
247
284
281
318
362
489
684
906
1135
1245
1801
2654
3149
4714
5695
6408
7918
9488
10515
11761
13313
14211
14578
14781
14401
14474
14315
22839
42354
35161
26812
23770
20447
17876
16950
17743
17818
16307
16151
17866
17647
16129
17276
15896
13910
12530
12143
10909
9746
9427
8847
8092
7283
6411
5632
4871
4385
3964
3369
2920
2511
2143
1866
1629
1586
1336
1158
1008
875
834
776
647
671
603
579
601
506
476
494
436
458
462
456
472
446
449
405
379
342
339
333
293
231
259
305
259
313
240
284
248
287
303
232
177
188
176
173
202
