SidneyM
142
129
146
165
142
170
155
144
168
144
176
113
174
163
168
178
176
149
171
144
218
134
175
162
201
196
209
200
253
233
353
433
1003
1073
1337
1615
1659
1727
1878
1716
1610
1586
1620
1543
1504
1346
1349
1380
1206
1059
1073
940
958
949
930
974
952
902
875
861
927
891
999
1016
901
829
1011
1098
991
946
1076
1029
1019
1014
1021
1022
955
841
826
825
851
841
779
672
731
641
613
591
573
548
514
445
461
383
365
347
344
345
297
322
353
335
333
330
310
351
311
322
341
345
367
383
386
401
394
411
375
383
374
353
333
315
274
285
267
221
255
254
269
254
259
231
224
210
167
