SilasM
98
73
92
77
83
73
77
64
71
67
84
58
89
57
56
68
63
53
48
55
68
37
55
47
51
43
53
45
48
62
64
59
108
126
173
197
190
205
229
202
218
224
213
206
213
219
211
183
167
177
191
169
154
143
142
143
145
110
145
140
120
118
146
136
118
112
142
132
113
139
121
93
102
113
119
87
102
117
102
97
78
87
78
97
70
90
72
52
62
66
69
73
73
94
83
111
100
92
113
112
116
132
114
124
103
116
115
121
116
118
117
133
165
155
153
204
207
229
251
288
328
376
579
559
611
659
799
937
1072
1373
1628
2106
2491
3397
2920
