SimonM
88
75
78
90
85
83
97
67
109
69
73
63
80
71
87
57
85
79
68
68
75
72
58
77
76
80
83
79
85
94
132
137
226
238
274
326
352
358
374
363
342
394
376
328
330
337
286
283
267
267
282
232
215
195
197
200
177
195
224
206
193
192
209
249
186
179
210
230
220
199
227
197
230
202
226
223
209
209
198
202
224
227
206
213
222
191
198
224
254
244
280
337
342
346
335
341
398
367
352
483
458
464
436
463
656
564
606
575
585
575
620
619
687
666
679
642
728
780
946
1123
1249
1269
1397
1420
1305
1311
1416
1349
1345
1331
1366
1358
1442
1607
1613
