SophieF
83
78
110
103
120
125
156
149
171
172
206
203
203
235
234
240
258
308
259
278
338
324
279
311
359
374
384
451
523
496
621
671
989
1122
1584
2112
2198
2382
2300
2200
1965
1864
1581
1490
1371
1102
952
883
708
632
524
425
378
300
262
251
198
204
178
151
169
174
145
119
103
100
111
120
114
131
116
128
116
104
106
105
99
85
104
87
95
83
92
107
87
100
91
97
89
83
84
66
72
64
76
75
60
83
73
74
77
72
91
133
156
206
212
236
248
334
373
419
511
551
601
694
854
1081
1216
1685
2102
2172
2245
2231
2386
2439
2783
3985
4062
4263
4413
4725
4568
3740
3380
