SophiaF
138
122
179
159
170
185
218
192
251
251
245
220
241
247
276
259
278
278
240
238
259
221
256
213
230
237
247
265
276
256
271
272
397
429
548
692
697
698
629
604
545
489
391
369
357
288
234
240
195
169
152
133
132
103
107
101
98
104
88
99
105
107
81
104
104
103
106
108
112
122
109
153
110
131
112
152
121
188
226
277
262
324
486
523
470
508
589
601
546
594
582
593
485
455
387
381
367
434
411
490
642
1232
1160
1194
1083
1097
1060
1122
1163
1058
1125
1259
1353
1498
1613
1763
2513
3639
4305
5422
6562
7158
8663
9683
10915
12667
13496
17018
16075
16929
20623
21824
22279
21171
18563
