SpencerM
35
26
33
28
32
23
29
41
38
28
30
33
33
21
27
35
28
23
40
39
44
30
32
28
44
38
29
41
61
49
54
70
105
124
124
153
169
204
210
160
229
195
197
199
188
177
176
180
168
158
152
141
151
155
185
163
193
180
205
261
259
290
314
351
283
266
303
337
314
319
322
394
340
294
293
326
307
274
285
319
358
397
380
411
425
455
368
377
540
709
720
623
621
592
563
696
770
732
738
850
720
824
926
942
936
1115
1643
2248
2693
3126
3418
3561
3693
3883
3811
3618
3609
3766
4619
4192
4043
3729
3448
2906
2661
2314
2185
2365
2088
1692
1552
1581
1532
1455
1511
