StanleyM
65
76
76
68
105
97
95
110
154
151
223
178
181
212
218
233
259
240
295
258
342
239
334
361
371
384
455
516
547
607
761
997
2017
2595
3559
4808
5130
5185
5620
5236
5315
5232
5047
5035
5184
5034
4962
4903
4479
4262
4383
4199
3758
3433
3567
3697
3492
3482
3542
3571
3692
3923
4587
4699
4122
4060
4770
5498
5382
5529
5455
6201
6224
6284
6433
6049
5976
5265
4915
4333
4217
3922
3632
3541
3136
2812
2443
2242
2149
1902
1953
1770
1477
1357
1147
1168
1151
1115
1023
1065
1094
1015
999
905
885
919
871
818
828
869
808
774
695
637
606
562
531
525
473
508
453
443
472
404
412
410
404
398
369
359
346
348
315
355
369
