StellaF
414
416
506
529
584
649
702
664
775
891
924
867
972
926
1035
1026
1054
966
1062
975
1177
928
1075
1016
1026
1097
1141
1150
1215
1188
1319
1422
1834
2205
2771
3657
3818
3872
3927
3700
3492
3336
3165
2957
2751
2403
2191
2112
1803
1693
1569
1418
1342
1121
1094
943
967
916
877
954
962
1023
1126
1182
1017
993
1160
1333
1344
1219
1113
1057
999
957
850
793
764
729
684
640
620
596
613
541
560
512
429
411
357
319
347
299
284
234
249
252
204
232
241
216
229
226
220
208
190
153
152
163
154
168
171
151
169
167
131
125
148
190
233
312
376
422
556
797
1123
1308
1411
1461
1822
2558
3438
3689
3996
3904
4185
