StephenM
176
147
201
140
165
158
181
165
187
164
156
140
178
175
174
179
164
194
195
178
181
158
210
200
178
246
207
273
280
314
350
486
928
1097
1486
1850
1877
1893
1842
1693
1772
1868
1720
1608
1636
1480
1336
1446
1333
1355
1260
1332
1390
1320
1423
1650
1861
2134
2726
3176
4423
5808
7502
7927
7793
8635
11835
15320
17057
20481
20521
22454
23056
21802
21864
22111
21204
19709
17954
16496
16262
16057
15624
14995
14974
14654
14752
15087
14774
15106
14778
13104
11046
9959
10118
9739
9731
9641
9862
9902
10066
10296
10629
11559
12089
12206
11869
11547
11600
11736
11940
10524
9306
8366
7478
6557
6005
5411
5011
4537
4131
3736
3345
3141
2847
2741
2548
2369
2089
1914
1814
1573
1561
1446
1439
