StephanieF
5
9
8
8
8
13
20
14
15
25
17
12
33
32
36
35
43
68
63
88
118
165
185
280
361
397
394
374
311
313
305
223
244
224
165
166
127
124
98
102
89
131
106
128
156
169
209
233
283
394
491
664
800
898
871
1508
1693
2103
2516
2643
2573
2932
3083
3369
3757
3912
4216
4250
4827
5267
5810
6266
6823
7938
9761
10165
13350
12953
14492
15390
15143
16886
17262
16983
15773
15179
15419
16231
16204
17841
20210
20858
22326
23019
23239
22640
22398
22832
22768
24859
22771
19668
17183
14749
12979
11639
9777
8488
7688
7029
6606
6266
5601
5181
4700
4507
3804
3314
2919
2486
2145
1882
1671
1635
