SterlingM
17
8
16
20
20
18
10
19
25
15
15
25
23
30
15
35
21
25
26
18
38
28
30
31
33
30
32
39
44
47
46
47
100
132
151
209
202
218
250
254
259
268
270
254
281
240
246
237
230
248
208
193
227
186
185
180
194
166
188
177
204
200
258
217
211
216
232
281
255
260
252
260
257
252
253
263
283
245
245
259
237
250
288
287
284
215
238
216
246
235
221
242
184
194
195
183
189
214
226
225
241
218
237
275
292
274
297
326
415
389
452
454
503
504
573
511
469
428
424
392
363
394
357
325
300
272
269
268
244
231
298
306
348
441
549
