StevenM
17
15
22
13
20
21
20
16
20
14
20
18
21
20
13
16
17
17
26
18
42
24
32
25
25
25
34
36
40
55
67
74
151
177
253
298
368
385
378
381
418
430
395
348
320
398
349
338
350
297
312
293
325
295
323
409
442
535
773
1131
1569
2466
3505
4268
5111
5975
8880
13534
15977
19922
23270
28347
32030
33707
36611
37806
38381
36829
32952
33580
33903
32242
30704
29354
29721
27996
27713
27041
25505
26560
26825
23698
19861
17193
17677
17068
16666
16491
16406
16329
15915
16487
17140
18310
18210
18717
18093
17756
17857
18920
18753
16854
15038
13464
12086
10661
9648
8765
8112
7688
7354
6585
6216
5854
5350
5072
4814
4547
4225
3821
3424
3203
3233
2869
2785
