SteveM
52
44
63
62
66
60
70
54
83
64
66
56
68
73
80
71
94
79
87
78
139
76
92
127
123
126
131
157
149
187
245
255
543
661
998
1335
1399
1385
1523
1294
1283
1292
1269
1255
1218
1144
1055
1026
926
882
863
788
780
727
770
773
742
845
1077
1208
1553
1881
2374
2688
2834
3385
4568
6232
5743
5024
4207
4041
4317
4531
5060
5509
6478
8916
10083
11071
10656
9990
9167
8047
7096
5689
4619
3909
3411
3073
2935
2369
1850
1511
1447
1387
1404
1270
1237
1256
1222
1117
1023
1063
1039
989
990
1003
948
994
1005
892
882
831
714
753
649
627
635
660
649
623
544
562
484
475
470
446
422
415
279
324
303
241
257
