StewartM
19
27
19
18
21
22
27
20
21
19
27
32
28
27
26
39
27
22
44
34
40
31
28
32
41
31
26
33
37
40
53
64
130
149
170
220
225
267
264
252
270
293
283
302
293
282
268
276
234
240
259
216
243
215
213
227
274
250
290
286
270
335
387
424
348
349
386
456
416
389
433
513
590
575
588
629
648
574
537
645
630
638
604
524
503
457
417
379
333
322
342
342
264
315
318
235
254
275
270
267
246
248
254
247
279
282
266
287
268
274
282
275
233
226
205
169
172
121
139
110
117
110
110
100
102
97
94
78
84
54
56
64
62
53
46
