StuartM
16
12
10
11
11
13
17
18
15
21
13
20
17
17
16
20
20
23
20
18
22
22
22
26
38
34
33
36
23
33
40
48
118
157
188
249
259
278
280
270
326
350
344
374
355
399
368
358
396
387
411
400
464
438
492
495
542
623
642
590
680
886
965
926
794
789
1032
1191
1073
1194
1197
1253
1254
1368
1492
1404
1488
1424
1341
1849
2077
1901
1734
1588
1512
1296
1169
962
891
838
768
787
588
681
678
567
561
576
543
570
561
596
586
636
692
780
685
659
676
739
708
666
519
450
474
396
324
305
259
241
268
242
189
169
158
157
160
132
113
114
90
97
87
83
82
