SueF
65
67
84
68
92
94
96
123
117
112
120
127
163
123
105
157
121
145
143
122
157
135
154
146
163
191
178
201
206
243
277
330
431
483
634
812
868
778
785
693
707
668
684
600
644
672
698
678
778
944
1213
1220
1506
1672
1932
2023
2223
2502
2590
2621
3105
3360
3630
3849
4035
3914
5143
5307
4674
3925
3501
3358
3332
3647
3979
3724
3754
4494
4671
4387
4010
3503
3183
2594
2174
1776
1316
1259
980
811
665
632
453
397
355
293
241
280
235
272
344
271
211
171
147
140
108
101
97
85
75
79
68
64
48
47
38
43
32
29
36
32
25
23
14
21
22
23
17
24
17
19
13
26
15
