SusanF
286
292
326
322
326
302
323
335
363
356
354
370
366
356
357
393
343
341
382
350
411
342
335
305
324
321
327
355
350
380
395
459
522
543
661
817
844
837
912
824
850
846
795
812
832
862
855
868
812
875
1004
1005
1227
1264
1492
1801
2155
2643
3554
4886
6757
8887
12014
14886
16330
19222
28269
31954
35984
37708
38021
40214
41339
44283
47158
47391
46558
45946
45172
41606
39201
37522
35750
33994
31515
26332
23771
22260
19507
17809
15740
13778
10577
9286
8474
7489
6410
5954
5420
5199
4703
4245
3963
3353
3115
2660
2389
2249
2060
1800
1685
1478
1371
1200
1025
891
959
798
749
701
682
628
602
568
522
480
488
460
422
375
352
353
322
316
324
