SusieF
361
367
412
436
455
477
559
485
621
607
630
566
669
644
678
674
718
626
702
622
946
650
717
680
662
739
693
756
698
770
858
822
976
965
1165
1270
1313
1329
1388
1475
1395
1321
1302
1334
1273
1312
1152
1112
1051
927
922
869
803
743
754
768
731
796
792
744
737
741
836
907
930
891
1078
1071
1018
998
941
887
875
887
926
906
990
1246
1358
1277
1204
1129
1009
977
868
600
597
530
463
431
355
388
364
315
312
286
242
236
235
241
223
241
187
161
173
163
146
154
180
158
162
156
122
109
111
96
114
89
91
74
87
81
83
67
69
70
89
82
86
85
82
82
81
67
78
