SuzanneF
6
6
12
0
5
5
6
9
10
11
7
5
7
10
14
9
9
12
16
15
15
18
27
22
28
16
20
27
39
56
58
64
84
98
131
169
167
194
234
199
285
376
334
359
405
414
522
509
584
603
793
805
828
950
1340
1309
1350
1545
1807
2031
2337
2610
2709
3280
3462
3769
5948
6230
5449
5609
5270
4826
4906
5472
5232
5134
5024
4660
4632
5163
5968
6606
6856
6818
6485
5913
5684
5488
5041
4908
4426
3932
3301
3036
2699
2319
2200
2372
2509
2243
2103
1775
1627
1403
1291
1099
1009
947
892
836
715
646
568
470
424
345
334
271
255
219
207
204
175
165
143
119
124
121
115
81
88
68
86
94
77
