SylvesterM
89
76
74
69
67
82
73
71
83
112
93
64
98
85
101
99
111
111
115
94
131
120
135
114
124
126
125
151
166
151
200
219
348
464
538
706
715
715
766
749
807
755
707
728
708
690
687
611
597
570
598
526
559
495
498
530
481
475
503
472
461
537
498
502
535
508
536
597
602
585
643
643
600
639
634
646
617
606
578
559
504
519
465
455
389
387
325
296
258
242
244
292
224
241
195
218
190
217
223
249
204
215
218
183
209
194
199
199
203
193
203
135
115
143
132
121
90
103
80
91
90
80
78
83
63
67
77
62
67
67
62
60
57
75
75
