SylviaF
81
67
79
79
87
112
137
135
166
166
223
218
275
286
288
276
340
357
391
371
446
390
411
464
497
528
617
611
748
847
1000
1184
1639
2013
2565
3284
3414
3469
3675
3412
3318
3296
2961
2837
2758
2536
2527
2347
2223
2038
1829
1928
2566
2936
3474
3621
4156
4364
4256
3871
3802
3787
3727
3624
3290
3375
4093
4098
3670
3817
3617
3769
3788
3815
4082
4000
4145
4304
4156
3853
3823
3743
3457
3280
2943
2955
2411
2209
1960
1812
1728
1578
1463
1347
1355
1143
1057
982
948
1017
958
1009
984
1036
1003
929
875
863
854
799
818
831
710
687
592
589
551
516
550
536
539
512
532
502
512
546
581
587
554
555
525
529
576
593
633
