TedM
13
7
14
13
10
10
10
20
21
25
20
22
15
12
23
24
30
28
39
34
75
64
87
71
94
115
89
112
113
122
127
97
244
247
309
403
453
498
564
571
545
615
605
592
611
669
764
762
827
851
983
983
1067
1040
1053
1083
1065
1061
1111
1079
1047
1096
1252
1235
1166
1237
1492
1647
1475
1378
1355
1387
1416
1304
1342
1407
1459
1635
1738
1676
1695
1679
1703
1578
1507
1245
1073
952
1050
1056
945
801
666
543
479
456
431
418
360
353
364
340
316
299
288
266
296
282
291
269
250
176
188
179
163
150
135
127
106
112
97
99
99
74
72
75
59
61
75
53
81
66
66
73
59
