TeresaF
50
46
50
64
78
66
84
107
111
113
110
131
143
132
157
167
209
159
217
162
204
164
153
174
179
178
198
191
233
215
220
281
344
424
524
686
662
673
674
706
720
738
701
724
787
954
1160
1211
1213
1021
993
947
854
753
707
715
675
660
696
650
686
715
1002
1193
1204
1339
1834
2811
4218
4328
4728
6210
7298
8930
10833
13123
14465
15681
15605
17391
18834
18903
18512
17966
16418
14578
13020
12268
10914
10357
9607
8563
7177
5986
5393
4638
4056
3656
3472
3480
3148
3122
2882
2702
2386
2211
2008
1780
1633
1530
1610
1489
1371
1233
1098
1044
1070
1078
981
975
898
830
787
703
746
671
565
563
534
453
409
543
468
435
388
