TerryM
10
0
7
10
10
9
12
16
15
9
12
5
12
8
12
13
20
15
14
7
21
13
18
18
18
15
13
20
23
27
30
29
49
69
58
105
85
92
100
94
142
125
130
134
140
191
166
180
217
222
297
289
431
571
722
960
1294
1683
2335
2446
2981
3606
4811
5733
5975
6836
10677
12748
12131
11457
11434
12210
12442
13251
15539
15562
15048
15614
14988
14545
13909
13189
12294
12462
10861
9093
8456
7685
7093
6416
6191
5861
4771
4379
4026
3974
3668
3443
3086
3038
2982
2815
2764
2469
2336
2374
2251
2101
2064
2004
1891
1740
1595
1427
1218
1175
1094
1045
945
905
847
802
686
667
655
692
613
608
579
478
520
475
479
426
420
