ThaddeusM
12
12
8
11
12
14
8
9
15
10
7
9
11
7
10
0
9
14
7
19
17
11
16
11
19
10
9
14
18
30
29
40
80
103
156
254
269
268
328
267
298
283
269
288
275
234
235
203
171
163
173
139
121
122
125
92
106
121
108
107
121
116
142
128
123
140
167
167
162
160
210
186
233
211
255
222
255
215
193
206
220
222
210
214
220
180
199
229
203
203
223
321
364
320
236
252
267
257
343
307
268
239
218
223
175
224
271
240
248
294
305
274
250
298
228
203
216
215
188
184
218
214
233
182
189
192
191
228
210
191
198
223
230
279
325
