ThelmaF
5
0
0
6
7
0
12
7
15
24
22
25
33
42
70
173
260
419
605
736
1094
1090
1309
1479
1757
1945
2114
2339
2526
2612
2976
3166
4183
4595
5496
6762
7290
7244
7741
7558
7815
7838
7252
7379
7316
6824
6584
6306
5977
5477
5247
4439
4272
3637
3648
3186
3198
3060
2864
2696
2459
2368
2257
2208
1996
1855
1794
1901
1764
1627
1455
1528
1364
1290
1240
1109
1074
966
844
898
838
773
751
722
653
578
476
388
400
318
273
282
225
220
238
198
193
195
171
164
149
152
152
118
122
101
105
92
84
95
92
86
89
72
70
79
48
41
62
48
50
57
31
40
31
42
34
28
30
34
20
14
27
19
25
