TheodoreM
232
178
232
185
211
199
258
201
249
231
190
224
239
209
241
208
241
215
281
252
429
450
642
663
834
834
688
712
643
595
692
753
1561
1650
1929
2504
2642
2809
3143
3424
3219
3171
3217
3158
3225
3227
3130
3122
2915
2903
2958
2668
2673
2608
2523
2434
2216
2314
2361
2196
2306
2332
2662
2614
2573
2349
2611
2926
2827
3042
2960
3217
3262
2942
3071
2972
2951
2757
2505
2396
2386
2300
2319
2385
2173
2141
1906
1861
1891
1946
1830
1668
1424
1346
1269
1199
1173
1223
1214
1236
1197
1134
1193
1158
1069
1209
1255
1217
1239
1290
1231
1093
1089
1035
937
955
905
956
983
912
934
935
975
964
1005
1095
1132
1136
1138
1239
1330
1567
1941
2423
3216
