TheresaF
153
173
170
241
240
232
276
284
377
359
401
370
417
469
484
515
469
533
540
532
659
554
549
553
561
598
669
734
795
724
926
919
1268
1403
1794
2309
2348
2490
2511
2380
2426
2613
2542
2614
3023
3513
4408
5128
5330
5068
4780
4033
3815
3266
3192
2863
2756
2700
2763
2612
2441
2673
2799
2928
2817
2896
3684
4391
5552
5606
5627
6195
6809
7720
8504
9618
10839
11181
11450
11642
11845
11967
11059
11038
10559
9682
8703
8104
7304
6859
6411
5448
4571
4181
3857
3612
3175
2916
2922
2995
2925
2943
2750
2416
2306
2120
1979
1742
1657
1544
1499
1460
1238
1159
1064
948
882
852
787
701
679
601
532
493
410
439
394
378
340
282
280
213
232
198
224
