ThereseF
11
6
6
5
12
13
15
9
14
11
13
23
12
20
17
33
16
26
22
22
26
8
22
30
37
28
30
39
30
32
45
37
52
74
100
115
117
111
129
119
123
145
145
204
289
533
782
840
776
664
576
451
398
306
262
296
259
228
237
212
217
214
249
233
246
273
354
409
476
495
555
606
824
827
889
1076
1069
1131
1138
1209
1197
1078
1021
969
852
721
557
442
407
339
304
238
174
230
188
174
175
154
142
168
154
163
164
155
153
151
116
133
106
135
116
113
121
113
107
108
79
98
95
103
92
118
95
71
79
89
73
71
79
76
70
47
51
49
73
