ThomasM
2534
2282
2610
2316
2572
2266
2337
2151
2449
2233
2200
1982
2413
2157
2170
2153
2088
1980
2161
1811
2557
1820
2134
1962
2057
2135
2176
2175
2301
2468
2851
3293
6085
7097
8850
11490
11998
12611
13910
13434
14938
15309
15268
15885
16556
16685
16601
17018
16580
16267
17017
16840
16829
16501
17367
17677
18340
19774
21375
22125
23985
26640
31102
32864
31597
31882
38867
44831
43786
45205
45635
48246
48618
46991
47135
45810
44805
44578
42067
40284
39293
37548
36531
35510
34467
31635
29016
28284
27456
27491
26687
23167
19575
17940
17288
16559
16121
16597
16492
16475
17565
17161
17579
17562
17588
17595
17346
18122
18795
18430
18214
16783
15282
14858
14903
14159
13799
12894
12885
12791
12638
12145
11291
10930
10496
10035
9505
8924
8353
7716
7115
6904
6830
6765
7002
