TimothyM
70
63
71
62
77
64
74
54
76
82
56
66
71
62
71
60
72
58
75
60
77
62
62
49
58
73
53
81
67
67
75
88
128
160
174
253
246
260
287
249
270
249
289
325
322
319
274
325
297
292
307
346
341
346
336
371
439
674
883
1068
1386
1632
2275
2580
2751
3593
5154
6744
8039
9343
10500
12713
14168
15174
17430
20734
23271
24730
28757
30753
30484
28244
27089
27197
28102
28351
28932
28593
26517
23379
22441
20100
17612
16054
15896
15954
16637
17983
19609
19081
19155
18219
17461
16357
16999
17141
16868
17388
16800
16423
15685
14148
12857
11635
10766
9786
8918
8503
7842
7589
7259
6416
6014
5477
5228
5022
4700
4430
4087
3752
3441
3224
3104
3038
2997
