TinaF
17
19
28
21
24
32
32
25
40
40
39
31
35
46
42
45
51
51
49
42
53
47
44
44
56
58
49
55
41
52
58
59
81
89
108
133
127
137
128
120
127
126
141
150
142
137
126
150
137
130
143
108
123
107
118
104
117
126
107
145
172
156
244
359
359
440
478
541
578
639
729
833
1099
1098
1238
3271
5325
5858
6621
7919
9128
10521
12782
12157
12552
12823
13890
14159
14769
13604
13866
13264
11518
9309
8665
7064
5749
4949
5697
4676
4259
3820
3218
2741
2503
2599
1961
1810
1604
1322
1180
1025
890
806
720
625
577
501
431
433
453
395
380
378
351
331
283
254
222
214
161
174
178
146
150
