ToddM
8
6
0
0
0
0
5
0
0
0
0
0
0
0
0
0
0
0
0
7
0
0
6
5
0
0
5
0
0
0
8
0
11
10
19
20
21
15
9
26
29
16
22
33
20
21
11
15
35
28
18
27
27
32
37
42
51
68
68
88
99
134
161
176
163
237
305
347
461
594
796
960
1100
1289
1614
2013
2404
3460
4335
5748
9751
12746
14796
15356
13942
13557
13454
14661
14759
14430
12068
9986
8683
7851
7158
6440
6278
5503
4987
4130
3955
3597
3334
3105
2939
2585
2353
2200
2124
1975
1743
1424
1240
1141
1027
890
842
703
628
582
530
508
466
439
390
352
326
287
234
264
244
235
206
180
