TomM
399
349
390
386
394
361
383
329
416
379
347
318
381
349
343
335
339
298
337
288
469
291
312
295
318
317
298
313
340
340
428
365
538
573
735
869
970
981
1104
1058
1207
1093
1085
1130
1097
1219
1249
1268
1307
1269
1335
1361
1539
1423
1580
1724
1695
1808
1931
2027
2287
2498
2876
2910
2901
2893
3625
3918
3432
2543
1824
1521
1432
1375
1388
1509
1915
3352
4364
5063
4901
4721
4169
3698
3294
2500
1850
1491
1360
1215
1129
866
581
453
422
304
317
286
244
262
237
244
195
199
186
180
188
176
188
187
215
192
151
145
116
134
125
125
132
116
99
96
139
131
107
125
108
94
96
99
80
82
83
81
76
