TomasM
18
18
17
13
18
17
20
7
15
9
16
6
15
8
10
6
19
11
14
17
16
15
19
16
21
18
17
29
18
27
43
20
55
50
62
63
78
69
89
93
114
121
141
159
143
147
149
158
159
138
157
114
129
120
145
135
144
123
154
110
111
147
142
157
146
163
173
187
175
199
176
174
207
190
168
196
185
201
213
191
204
198
227
200
198
194
218
200
225
208
251
231
253
250
266
265
284
281
269
263
358
332
303
296
339
323
330
314
352
366
392
425
435
421
462
464
510
456
494
452
494
492
523
537
515
508
533
489
475
461
384
369
358
345
390
