TommyM
5
8
7
11
6
7
13
18
10
9
14
8
16
16
14
20
17
15
18
21
42
31
32
44
32
37
28
44
57
59
82
71
91
120
181
193
211
262
297
298
345
400
497
479
568
706
752
877
1062
1162
1387
1534
1614
1629
1939
2029
2109
2325
2666
2621
2826
3087
3528
3612
3693
3449
4143
4591
4218
3885
3433
3580
3517
3465
3408
3163
3112
3671
3827
3767
3686
3397
3417
3495
3205
2725
2463
2359
2366
2250
2223
1991
1776
1732
1580
1552
1392
1334
1321
1277
1258
1213
1172
1006
974
981
963
988
946
957
981
903
883
819
831
852
863
995
951
959
958
841
801
670
685
625
586
543
525
468
420
368
385
367
330
