TommieM
15
11
8
10
21
12
33
18
21
32
22
28
21
27
31
38
45
43
43
38
81
55
67
79
60
61
79
96
106
113
129
152
199
225
296
318
372
375
433
458
414
409
425
478
416
489
464
497
452
514
533
493
463
508
466
501
504
552
509
495
556
577
603
562
561
601
588
668
651
587
596
601
584
542
529
509
489
468
509
429
416
387
363
374
372
329
292
273
293
274
312
246
238
204
227
193
182
180
173
170
195
174
182
158
135
147
135
144
155
137
133
139
117
112
101
82
79
77
102
78
79
80
71
64
64
77
51
65
60
51
58
52
42
41
45
