TonyM
42
36
46
32
41
33
29
40
57
45
39
53
47
42
48
43
56
54
51
42
101
62
74
78
87
86
96
139
142
155
212
207
394
508
733
1016
1054
1111
1163
1097
1146
1197
1145
1028
1031
977
1011
1035
957
871
912
813
855
810
839
884
893
922
1057
1175
1232
1224
1406
1457
1492
1642
1974
2276
2269
1986
1761
1925
2199
2775
3340
3751
4669
5864
6939
7560
7998
8295
8194
7880
7203
6824
6569
6223
5880
5516
5485
4888
3998
3356
3219
3326
3062
2941
2771
2645
2725
2648
2607
2351
2441
2521
2358
2290
2243
2300
2182
2099
1925
1873
1626
1555
1315
1248
1177
1133
1086
1024
1070
999
957
1028
982
1001
882
804
746
688
652
662
660
