TravisM
12
0
10
9
10
11
11
0
6
7
9
9
13
8
8
10
10
12
7
11
27
6
16
10
19
21
17
21
25
32
31
40
77
109
150
160
189
205
244
232
240
246
262
237
246
241
217
256
243
274
254
284
281
296
363
345
335
320
354
353
355
350
360
314
334
307
406
408
375
374
384
374
366
383
360
356
380
359
434
505
552
585
655
886
1025
1078
1303
1603
2066
2868
4329
5019
5142
5872
5704
5963
6837
7279
6953
11052
10770
10109
10418
10478
10243
9089
8476
10394
11418
11520
11454
10133
8887
7937
6801
5602
5158
4684
3924
3608
3288
2942
2700
2540
2457
2365
2597
2402
2226
2196
2120
1936
1751
1579
1485
