TroyM
8
6
16
13
11
18
19
12
20
16
16
23
29
25
50
29
32
31
36
28
69
41
59
46
69
59
54
72
87
64
90
100
202
218
307
415
442
394
454
499
519
532
502
513
557
518
521
559
562
505
533
485
540
518
540
548
534
540
545
587
577
570
572
633
631
614
635
669
654
621
638
625
670
686
696
670
708
773
765
960
2062
4262
6040
5975
6305
5861
6903
7935
7984
8096
8446
7342
6351
5063
4568
3950
3716
3311
3156
2962
2830
2514
2534
2405
2418
2312
2249
2294
2342
2638
2503
2337
2290
2647
2842
2470
2238
1998
1821
1672
1512
1354
1300
1284
1501
1525
1581
1602
1596
1486
1382
1456
1385
1281
1322
