TylerM
7
0
0
0
5
0
0
0
5
7
0
0
5
0
0
5
6
0
5
5
11
0
0
6
5
6
0
5
7
0
8
13
21
13
15
22
27
26
27
31
30
25
35
24
22
22
21
27
29
19
28
21
24
17
15
26
12
19
33
40
35
41
34
39
43
42
52
67
68
71
79
71
84
99
118
117
134
141
144
147
178
197
233
282
309
298
332
420
437
493
750
724
835
750
925
1066
1263
1461
1759
2045
2623
3121
4586
5817
8705
10211
10910
11532
13340
15589
20631
25204
28792
29797
30477
29154
26954
24877
23711
22663
21501
19269
18261
18175
17439
16983
15532
14081
12690
11534
10436
8824
7687
6632
5811
