UlyssesM
29
18
15
14
23
33
38
27
25
19
32
34
27
36
34
43
32
25
33
14
34
25
21
21
29
25
32
38
33
36
43
51
75
99
111
133
160
159
187
164
190
199
194
201
177
192
173
180
175
158
148
147
160
141
144
171
120
122
153
144
154
138
145
155
156
114
158
168
196
174
167
178
185
163
172
163
165
163
153
142
150
150
132
127
123
110
106
144
115
125
110
117
104
108
97
108
114
96
124
122
121
123
105
103
110
124
138
170
179
177
184
159
151
146
139
140
178
155
214
272
216
226
208
145
155
177
178
191
191
195
183
179
167
165
173
