ValeriaF
8
6
6
9
13
11
15
15
15
16
15
21
17
32
29
22
25
42
24
33
26
28
24
41
44
43
35
41
45
60
75
91
123
152
173
226
228
243
221
234
202
198
205
212
167
193
202
153
135
137
136
131
122
113
123
97
115
110
98
95
93
94
111
82
57
93
97
127
163
175
161
178
173
184
209
222
186
229
204
177
205
209
183
268
213
192
206
209
189
176
144
123
160
139
156
130
97
115
101
100
114
146
153
140
224
206
208
223
233
313
366
665
884
788
865
855
967
1031
1059
1422
1589
1636
1736
1956
2429
3729
3410
4204
4087
3115
2536
2141
1815
1889
