ValerieF
8
0
0
7
5
12
12
12
11
10
17
19
11
16
21
12
21
19
19
17
27
25
25
31
28
47
45
58
87
116
103
171
179
182
202
171
170
190
147
155
172
151
171
195
180
179
222
244
276
293
319
486
453
494
550
622
799
752
1017
955
914
1080
1439
1553
2130
3052
3027
3559
4261
4584
4923
5510
5914
6227
6918
7309
6717
6677
6332
6174
6616
5648
4816
4757
4550
4298
4133
3680
3193
3043
3183
3227
3386
3271
3301
3407
3612
3610
3986
3903
3722
3879
3618
2963
2767
2561
2427
2380
2348
2177
2008
2183
2081
2224
2142
2037
2016
1980
2104
1910
1904
2033
2747
2424
2504
2317
2063
1954
1862
1875
1877
