VanM
33
32
46
31
38
38
41
32
31
34
27
48
35
42
32
34
37
38
38
32
57
34
33
38
31
34
25
29
36
45
45
53
85
82
134
173
185
162
191
180
217
244
208
191
234
227
220
209
223
190
221
185
193
217
183
182
172
193
218
182
176
220
214
255
293
466
567
569
494
511
481
497
535
572
572
547
473
455
449
505
478
529
480
448
395
407
349
322
278
248
240
213
185
176
165
152
146
157
147
161
152
142
131
161
124
143
150
144
130
138
138
111
124
102
104
78
96
81
102
95
84
97
110
143
153
174
214
262
274
295
298
283
249
253
300
