VanceM
7
7
5
9
13
12
9
10
7
12
13
19
18
19
20
26
18
12
17
15
15
13
23
25
19
26
19
19
30
40
30
37
71
108
134
132
177
196
190
158
207
164
200
165
152
186
172
168
179
142
157
149
134
146
168
143
166
137
152
149
165
176
150
166
189
208
224
280
249
267
261
304
312
335
280
321
357
463
376
409
450
463
431
457
407
382
299
288
331
556
406
339
226
251
176
166
209
145
172
161
151
152
171
198
159
162
162
212
245
262
246
243
236
218
186
162
162
175
135
165
141
170
197
241
231
261
298
318
290
293
289
300
255
245
243
