VelmaF
16
19
17
25
18
32
33
59
67
72
96
103
146
156
196
208
249
280
331
334
426
388
526
589
615
722
721
854
860
857
1035
1045
1403
1557
1794
2287
2319
2411
2439
2340
2491
2606
2366
2338
2272
2177
2119
2287
2290
1929
1918
1755
1692
1481
1426
1353
1181
1217
1160
1067
987
1001
1050
1044
935
862
874
849
871
798
828
797
705
740
745
636
690
669
499
552
558
524
465
406
393
364
299
273
222
191
181
167
120
131
109
94
95
76
83
78
78
83
58
55
49
35
43
41
37
32
33
40
15
20
19
13
12
12
16
12
12
9
14
10
14
7
9
5
6
10
9
15
5
9
13
