VeraF
48
48
67
77
91
124
167
167
263
313
393
426
486
534
618
729
675
776
875
864
1024
860
947
899
993
1053
1083
1152
1204
1242
1346
1510
1974
2209
2683
3460
3622
3714
3923
3848
3785
3631
3510
3376
3477
3280
3151
2938
2844
2549
2491
2160
2023
1865
1837
1813
1511
1498
1412
1411
1321
1267
1317
1266
1186
1143
1207
1218
1149
1114
1112
1109
1091
1191
1220
1168
1151
1050
975
971
902
858
731
705
639
534
454
461
389
355
366
297
253
224
195
219
184
184
164
177
161
164
166
147
126
129
112
108
93
104
100
99
98
104
92
64
80
65
101
64
103
95
103
100
124
154
161
205
251
305
428
573
613
720
886
