VernaF
46
30
76
103
87
108
134
129
165
174
244
203
246
292
310
326
326
350
410
329
412
361
436
424
429
488
533
538
549
582
626
639
914
1038
1226
1570
1713
1799
1873
1816
1850
1814
1693
1713
1661
1613
1587
1534
1458
1341
1358
1213
1174
1078
1040
981
949
934
928
927
865
862
872
880
733
719
742
778
680
737
721
667
651
654
585
616
607
603
545
511
534
465
408
359
354
274
285
274
188
213
196
178
148
117
107
103
98
77
74
67
56
78
79
69
46
43
42
40
41
43
33
40
30
42
44
28
20
18
33
26
24
26
22
27
27
25
26
25
34
15
20
27
25
29
35
