VernonM
56
57
53
46
50
71
73
79
78
73
83
96
108
112
131
131
129
152
143
130
170
129
175
179
178
209
223
222
285
284
351
418
889
1143
1455
2060
2288
2463
2971
2929
3145
3069
3003
2959
3007
2911
2950
2855
2854
2679
2701
2465
2429
2205
2226
2111
2027
2076
1956
1994
1940
1975
2101
2093
1925
1934
1967
2114
2030
1954
2008
2095
2087
2064
2095
2035
2047
1979
1925
1790
1829
1770
1670
1575
1570
1357
1282
1145
1141
1072
1088
943
865
791
752
688
648
698
620
634
705
630
572
560
550
547
447
488
463
408
394
382
323
306
277
236
251
231
214
211
190
179
174
169
144
134
141
145
135
114
136
115
116
111
120
