VeronicaF
14
15
24
29
28
34
26
35
59
60
82
85
112
102
113
153
145
155
216
182
218
199
217
175
203
217
216
257
286
270
314
353
552
615
767
914
976
1038
1117
1047
1039
1074
1028
945
954
826
782
777
695
603
638
578
563
448
453
458
418
534
543
512
566
837
1253
1240
1137
1034
1206
1353
1478
1424
1388
1473
1572
1614
1640
1716
1817
1940
2168
2291
2429
2729
2994
3014
3058
3073
3091
3176
3011
3447
3491
3427
3566
4151
4227
4059
4023
3855
3936
4064
4380
4315
4145
4069
4008
3877
3577
3616
3525
3712
3587
3440
3440
3093
2941
2598
2744
2543
2631
2829
2355
2085
1907
1834
1767
1678
1623
1476
1326
1169
1105
1113
1019
957
871
