VictoriaF
93
117
132
110
124
163
162
157
207
175
223
204
229
223
251
269
281
234
276
289
391
346
339
330
320
343
362
400
435
426
574
503
711
825
1026
1266
1340
1334
1758
1429
1286
1239
1144
1149
1105
1046
962
959
832
825
713
712
593
600
584
603
508
628
588
676
686
814
1372
1468
1814
2671
2389
2740
3133
3669
3781
4908
5600
5162
4980
5356
5387
5328
4467
4148
4302
4148
3712
3244
3156
3480
3364
3662
4290
4390
4460
3724
3206
3071
2846
2714
3037
2700
2452
2673
2925
3690
4254
5045
5076
5425
5669
6253
7279
7635
9104
10914
11904
12922
12690
12250
11856
11789
12144
11867
10922
10177
9780
9242
8271
7952
7644
7427
7115
6352
6221
6880
6853
7190
7981
