VictorM
100
110
109
99
124
143
146
119
134
158
138
154
200
172
180
196
201
190
205
175
269
169
205
196
218
268
249
245
308
320
372
493
989
1177
1559
2211
2215
2207
3184
2749
2347
2408
2322
2227
2190
2118
2015
1984
1945
1942
1841
1623
1610
1430
1423
1545
1517
1539
1562
1474
1566
1666
2395
2616
2165
2625
2130
2358
2478
2518
2716
2732
2994
3102
3366
3436
3899
4087
3737
3815
4193
4297
4206
4057
3947
3683
3268
3199
2940
3046
3083
2891
2621
2578
2626
2683
2533
2553
2550
2637
2822
2845
2997
2969
3177
3332
3289
3302
3621
3899
4441
4329
4291
4205
4053
4095
3925
3702
3994
4015
4051
3918
3932
4434
4288
4137
4306
4267
3780
3542
3168
2889
2864
2723
2673
