VincentM
41
30
38
43
51
48
50
52
67
65
61
74
93
82
94
134
112
112
140
125
177
131
148
170
206
176
193
239
250
264
343
496
1178
1527
1962
2491
2500
2636
2621
2531
2662
2780
2708
2719
2637
2773
2544
2648
2436
2330
2316
2160
2069
1980
1865
1795
1736
1834
1834
1813
1974
2049
2379
2420
2030
2120
2422
2806
2789
2912
2926
2920
3175
3170
3356
3490
3762
4067
4262
4215
4376
4318
6154
6155
5676
5437
4941
4398
3983
4063
4031
3437
2745
2682
2436
2386
2455
2460
2503
2519
2698
2764
2864
2894
2970
3038
3092
3170
4053
4490
4798
4492
4105
3685
3602
3319
3341
3193
3098
3066
3233
3201
3186
3418
3418
3744
4027
3956
3577
3491
3524
3793
3725
3845
3756
