ViolaF
229
237
310
331
362
345
440
420
596
536
697
609
833
839
906
1010
1047
1017
1272
1156
1674
1331
1447
1495
1545
1697
1675
1805
1964
1926
2090
2082
2550
2847
3204
3855
3948
4040
4331
4129
4292
4158
3797
3533
3578
3335
2878
2768
2624
2288
2161
1822
1668
1478
1438
1326
1184
1157
1039
982
965
902
941
893
800
765
780
814
724
685
624
637
634
572
572
516
525
447
452
408
429
418
320
306
293
250
206
205
163
140
152
130
128
113
117
87
99
84
62
86
106
83
87
75
84
63
59
71
71
63
57
60
48
50
44
40
47
44
40
51
45
42
56
57
52
60
99
100
96
114
117
135
163
179
194
