VioletF
42
42
48
74
81
92
103
97
145
155
183
188
238
254
286
316
354
411
411
435
614
611
649
636
755
831
830
956
1017
945
1037
1183
1535
1751
2061
2752
2921
3026
3294
3597
3694
3469
3194
3276
3224
3030
2902
2695
2321
2216
2098
1750
1694
1517
1370
1273
1152
1139
959
911
783
780
803
711
636
587
614
627
528
483
519
461
426
422
450
408
368
386
383
327
319
318
292
244
230
212
210
152
141
138
140
144
109
133
132
113
113
127
115
119
141
147
149
141
138
142
125
143
133
133
126
133
142
142
159
162
161
183
234
255
316
381
418
467
482
846
1265
1536
1826
2260
2564
2896
3272
3924
4172
