VirgilM
81
65
80
70
88
82
79
77
112
93
100
123
130
119
125
146
138
159
155
154
212
158
163
173
211
226
207
276
258
250
280
355
684
819
1048
1376
1496
1523
1707
1570
1711
1830
1789
1715
1626
1502
1576
1498
1405
1340
1369
1383
1226
1140
1127
1103
1034
970
1066
937
937
922
1002
992
928
844
881
854
794
792
788
787
787
756
744
697
710
660
703
652
687
624
556
561
547
503
460
447
440
385
409
422
367
345
312
311
265
252
228
237
202
221
227
160
180
146
179
142
142
146
159
149
112
114
85
96
88
82
102
80
66
74
71
69
75
69
69
73
53
64
79
73
50
68
74
