VirginiaF
213
210
274
234
263
289
353
332
385
395
405
439
475
498
583
628
621
638
801
776
1068
825
1008
1032
1213
1394
1491
1893
2195
2420
2854
3263
4809
6036
7601
10952
12487
14261
16421
15637
17314
19030
19145
18330
18624
17488
16161
15726
14497
13235
13195
11881
10757
9719
10001
9860
9650
9514
9268
9225
9553
10043
10802
10843
9893
9241
10015
10405
9298
8893
8313
8176
8163
7546
7178
6853
6382
6246
5666
5257
4786
4576
4283
4213
3793
3293
2942
2552
2456
2444
2328
2149
1789
1815
1713
1733
1615
1598
1653
1657
1737
1798
1762
1679
1465
1379
1367
1246
1291
1266
1335
1190
1089
1040
923
905
986
776
797
824
811
753
801
742
696
681
603
571
549
490
488
507
507
537
523
