VivianF
22
24
27
33
33
51
49
66
77
83
103
108
152
185
212
216
224
241
308
250
383
342
425
432
470
492
489
572
561
652
801
1211
1487
1727
2080
2857
3049
3119
3663
3639
4129
4102
3731
3832
3850
3576
3431
3508
3311
3100
2870
2895
2663
2377
2412
2126
2013
1908
1798
1868
2261
2279
2205
2319
2023
2166
2425
2483
2423
2329
2269
2403
2509
2353
2275
2358
2557
2434
2202
2185
2020
1890
1745
1749
1510
1252
1057
1058
914
811
778
657
572
529
505
422
378
360
349
457
408
352
392
411
411
405
442
426
428
466
552
851
908
930
919
866
896
907
911
1114
1175
1018
1275
1453
1424
1558
1536
1639
1639
1963
1942
2021
2258
2644
3058
