WadeM
56
52
64
54
51
54
61
39
50
42
51
38
54
53
54
39
63
53
63
62
56
62
40
46
57
64
57
69
37
69
75
78
181
179
250
266
328
317
324
333
369
382
347
337
386
332
343
378
356
308
299
301
303
295
306
328
302
310
306
346
411
395
372
400
412
380
474
490
487
472
528
556
596
664
756
835
1078
1141
1149
1226
1242
1245
1208
1405
1379
1300
1360
1246
1125
1367
1423
1156
1054
1113
1120
1131
1009
890
774
765
736
647
663
600
664
650
728
731
776
778
778
702
686
592
553
527
593
554
507
494
496
464
414
403
463
486
453
486
426
401
414
462
470
484
507
