WallaceM
91
88
103
100
102
107
104
88
111
115
138
90
119
114
99
119
130
131
138
121
161
132
157
157
163
162
162
185
190
185
251
257
507
621
810
1079
1126
1215
1334
1481
1876
2095
2212
2803
2284
2075
2010
2009
1845
1706
1618
1540
1527
1366
1306
1200
1249
1189
1177
1068
1173
1115
1230
1254
1131
1007
1210
1189
1078
1075
1061
1000
980
1016
976
951
933
862
805
853
783
722
736
658
628
540
520
487
466
413
401
357
326
284
269
294
257
241
214
220
242
224
200
207
197
180
152
144
137
161
132
138
139
121
92
98
98
93
105
82
99
96
85
71
83
106
96
83
92
72
74
84
104
142
138
