WalterM
1755
1670
1805
1705
1902
1808
1880
1705
2040
1916
1905
1668
2229
2004
2010
2015
2017
1895
2002
1749
2298
1718
1858
1840
1873
1902
1934
2095
2192
2287
2596
3074
5808
6890
8962
11256
11761
12582
13337
12881
13295
13001
12631
12434
12700
12132
11765
11346
10648
9855
9728
8935
8662
7756
8087
7815
7538
7481
7558
7319
7722
7747
8677
9038
8161
7574
8664
9212
8625
8300
7796
8032
7906
7498
7477
7292
7013
6711
6309
6120
5766
5457
5282
5067
4848
4490
4052
3811
3591
3570
3586
3361
2914
2630
2491
2359
2102
2186
1990
2120
2010
1990
1911
1767
1689
1689
1715
1574
1610
1611
1615
1538
1421
1356
1150
1062
1035
1026
896
918
949
826
833
774
765
769
850
810
764
788
780
797
800
936
982
