WandaF
11
6
10
5
11
12
12
29
22
25
37
47
37
59
52
62
58
83
106
85
94
81
106
134
116
125
173
200
226
272
308
380
545
687
881
1233
1505
1545
1827
1824
2198
2737
2985
3406
3734
3805
4125
4304
4315
4397
4522
4394
4260
4267
4370
4103
3880
4200
4512
4559
4709
4735
4790
4704
4429
4293
5236
5650
5920
6305
6933
7230
7165
7195
7451
7413
7554
7701
6889
6909
6676
6460
6006
5589
5167
4652
4094
3473
2963
2686
2718
2366
1776
1412
1210
1058
855
728
588
575
482
457
335
319
292
234
182
218
175
179
191
173
122
133
97
91
79
59
71
79
61
56
64
69
36
48
30
30
38
42
18
24
28
30
22
