WarrenM
158
156
183
146
164
151
144
163
148
167
157
139
157
140
141
160
125
137
151
173
191
149
149
173
163
172
144
182
194
231
264
338
697
798
1034
1420
1549
1743
1990
2180
5492
7797
4485
4820
3583
2943
2702
2554
2363
2035
2011
1834
1791
1808
2026
1993
1976
1822
1997
1891
1811
2040
2425
2480
2346
2184
2534
2724
2657
2527
2470
2601
2640
2639
2614
2489
2337
2341
2292
2179
2014
2084
2165
2185
2034
1826
1629
1553
1549
1525
1506
1393
1097
1030
933
892
831
803
789
817
809
820
805
816
801
750
756
714
650
786
728
647
661
625
604
570
524
566
546
486
545
440
427
500
451
434
519
513
530
593
537
521
577
581
694
