WayneM
23
30
22
25
34
24
23
29
41
32
45
29
35
55
58
56
55
51
68
57
85
87
90
92
92
107
116
148
178
163
228
280
617
760
1001
1517
1587
1715
1912
1956
2178
2418
2476
2597
2730
2714
2810
2886
2855
2736
2984
3213
3388
3564
4033
4057
4406
4615
5225
5648
5726
6108
6481
6763
6722
6736
8807
10168
8682
8924
9270
9324
9092
8902
9159
8718
8723
8660
8333
7888
7191
6754
6319
6034
5833
5119
4888
4467
4262
3903
4006
3333
2795
2449
2221
2131
2022
1949
1888
1832
1842
1751
1711
1529
1477
1383
1342
1298
1241
1167
1149
1031
915
833
746
673
605
515
525
505
449
421
416
382
363
316
358
352
340
303
283
325
290
297
291
