WendellM
6
8
0
7
11
9
12
8
17
5
11
8
21
11
21
23
18
24
23
22
30
18
38
22
32
31
40
42
63
50
69
94
212
243
350
491
515
466
519
473
544
587
600
617
634
681
643
625
656
641
672
641
650
593
618
655
628
583
580
595
1625
1093
847
810
696
587
613
716
676
713
842
867
878
886
951
960
1011
1110
1190
1203
1144
1222
1093
1076
1015
862
716
667
612
562
537
534
433
389
329
322
284
290
319
280
317
299
303
278
257
247
233
212
239
229
222
193
186
186
153
160
120
116
104
114
99
94
107
90
92
84
96
79
88
73
61
52
72
70
78
