WesleyM
123
102
145
104
120
108
121
115
147
101
131
115
142
136
149
156
145
121
151
119
181
146
145
153
166
174
155
191
185
197
209
261
485
585
789
990
1026
1014
1145
1099
1244
1331
1289
1379
1346
1266
1321
1324
1181
1178
1187
1115
1136
1029
1117
1040
1060
1067
1072
1115
1128
1090
1254
1266
1169
1105
1249
1458
1335
1405
1526
1505
1594
1733
1842
1922
2007
1992
1954
2000
2019
2003
1964
2096
1970
1862
1802
1591
1644
1859
2063
1960
1695
1556
1469
1534
2146
4304
3310
3233
3165
3040
3030
2789
2801
3043
3040
3244
3476
3457
3314
3267
3237
3171
3031
2797
2617
2358
2242
2207
2216
2027
2050
2121
2105
2110
2101
2060
2062
2206
2425
2469
2641
2833
3131
