WilburM
82
81
81
73
82
92
106
112
103
102
94
97
116
104
104
125
120
111
156
115
161
130
163
165
177
167
175
209
233
259
298
386
832
1044
1248
1685
1680
1749
1800
1689
1741
1755
1715
1673
1667
1598
1509
1362
1401
1293
1212
1086
1015
897
919
860
780
726
842
702
705
667
687
667
586
508
523
596
536
487
490
436
413
438
429
435
402
384
352
353
356
309
309
268
276
255
237
176
180
204
149
193
132
127
124
122
105
107
112
105
95
103
96
71
73
80
65
62
72
62
52
59
53
39
41
41
37
38
40
30
29
28
26
29
24
18
22
26
24
23
22
21
14
21
23
