WillM
588
550
666
576
650
625
642
561
707
631
613
520
607
538
559
485
508
491
475
414
603
364
359
293
287
286
253
260
274
267
278
230
256
280
319
362
362
339
363
373
369
372
358
371
353
367
333
300
323
277
259
237
242
223
215
306
235
229
231
226
209
226
221
205
235
191
207
209
237
220
223
193
212
206
207
158
192
219
182
205
226
223
202
241
236
196
206
167
214
192
231
208
184
207
224
224
223
225
233
273
270
233
262
223
205
201
204
233
241
277
289
295
252
268
247
266
280
268
339
422
447
388
403
433
452
503
473
457
432
457
396
357
352
313
311
