WillisM
166
142
143
131
151
133
150
113
135
124
129
118
143
149
133
135
145
132
121
126
169
106
144
133
136
136
148
146
161
189
216
233
453
573
743
950
990
954
1091
1136
1198
1209
1249
1182
1261
1197
1234
1059
1083
1031
968
930
910
812
867
788
767
724
733
693
608
686
665
752
621
579
583
600
584
479
476
506
514
483
442
455
439
448
415
408
414
356
373
341
324
299
254
239
231
227
260
253
245
193
199
203
181
232
213
233
228
199
227
203
186
186
176
169
183
166
159
163
126
127
119
115
113
94
106
104
107
80
69
78
63
66
78
80
59
65
51
74
75
71
79
