WillieF
192
229
291
264
332
312
388
379
522
488
578
562
631
648
709
724
755
818
878
806
1351
901
1071
1014
1188
1285
1233
1394
1371
1549
1796
1637
2267
2264
2759
3041
3116
3381
3867
4050
3815
3747
3885
3963
3989
3947
3822
3882
3442
3320
3016
2595
2659
2446
2388
2369
2228
2193
2018
1951
1937
1857
2067
1995
1895
1776
1686
1684
1669
1531
1340
1271
1202
1157
1109
930
933
786
698
631
590
502
470
407
405
335
278
243
205
195
167
137
131
118
106
89
83
62
67
61
63
54
56
45
54
34
37
42
35
38
16
14
22
25
17
11
11
8
8
0
7
0
0
0
0
0
0
6
0
5
0
0
0
5
0
