WillieM
476
498
541
474
578
614
641
590
786
708
758
739
948
882
986
1071
1092
1151
1134
1088
2113
1294
1565
1454
1675
1782
1756
1968
1964
2175
2897
2492
3508
3760
4709
5433
5660
5752
6537
6942
6889
6490
6906
6659
6702
7124
6819
6969
6820
6609
6670
5954
6551
5985
6345
6328
6011
6232
6082
6302
6170
6528
7092
7178
7188
7030
7330
7994
7970
7914
7725
7212
7204
7052
6841
6630
6489
6214
5692
5370
5240
4782
4540
4193
4152
3802
3549
3391
3110
3045
3139
2864
2593
2393
2220
2174
2134
2166
2133
2153
2168
1968
1960
1762
1606
1574
1490
1477
1428
1460
1377
1319
1211
1062
940
824
800
773
739
668
609
608
569
557
491
481
505
469
457
398
384
390
369
330
331
