WilliamM
9531
8524
9298
8387
8897
8044
8252
7470
8705
7772
7494
6763
7782
7223
7274
7277
7747
7199
7400
6086
8579
5990
6616
6311
6416
6495
6567
6905
7528
7914
8844
10593
19626
23537
29755
38564
40421
42421
45291
43974
50153
51861
51117
52135
53511
53300
51928
51471
49110
47800
47258
43263
42114
39034
40164
40195
39386
40704
42422
42076
44775
47787
54878
55892
52356
50210
60034
66974
61975
61503
60722
62752
62998
61807
61405
59932
58945
56826
54210
51376
49353
48010
44862
44486
44250
40147
38270
37625
36965
37642
38912
35439
30531
28027
26995
25581
24445
24773
24187
24698
25655
24798
25595
25384
24897
24603
24323
24197
24115
24673
24887
23862
23062
22207
21486
20156
20540
20008
20827
20707
20654
20099
20119
19988
20222
19045
18946
18876
18383
17905
17036
17325
16856
16595
16776
