WillardM
88
94
83
92
89
95
80
95
123
100
89
101
121
118
122
113
152
143
137
144
172
136
164
162
180
180
178
201
229
219
265
338
718
926
1302
2889
2413
2188
2311
2014
2089
2077
2018
1945
1834
1795
1809
1734
1628
1513
1535
1377
1357
1282
1174
1214
1155
1164
1094
1105
1138
1085
1191
1229
1038
957
1058
1025
949
925
843
777
801
767
675
722
652
637
583
572
542
507
460
497
437
414
388
395
339
311
350
303
287
219
197
229
176
172
155
171
164
136
130
128
103
105
110
117
99
112
91
81
89
76
72
83
67
66
64
59
60
60
63
58
62
60
55
48
57
40
49
34
47
31
34
