WilmaF
5
10
14
18
17
23
26
22
37
40
64
59
86
81
90
99
105
131
159
235
285
245
272
293
352
357
408
525
630
645
698
914
1241
1469
1787
2773
2962
3071
3298
3170
3671
3821
3537
3706
4063
4174
4056
4154
3937
4006
4075
3742
3611
3416
3311
3362
3122
2977
2871
2699
2621
2427
2456
2378
2127
1889
1914
1910
1742
1729
1655
1644
1423
1436
1302
1104
1080
983
891
757
720
717
585
553
458
396
338
281
225
248
202
188
141
130
114
109
102
81
88
83
78
77
81
65
53
51
56
40
50
54
59
41
45
47
39
44
32
33
31
37
25
24
34
24
25
23
22
24
25
30
27
27
24
30
19
