WilsonM
72
73
82
67
78
59
71
52
62
44
67
58
56
66
43
71
73
44
60
59
89
51
69
63
78
73
68
83
79
106
112
129
496
659
605
767
912
921
1381
853
583
601
560
533
543
444
463
462
433
400
429
339
350
349
352
341
392
352
390
401
447
450
466
461
454
398
429
439
438
377
352
357
356
360
334
336
302
356
318
313
282
270
288
284
261
250
303
253
227
243
287
270
228
203
207
217
218
213
224
241
284
259
268
249
269
276
286
292
353
323
416
436
511
434
368
410
380
380
400
405
421
462
509
467
547
516
507
473
492
487
429
408
422
390
460
