WinifredF
92
81
83
125
146
120
146
154
176
186
204
235
213
232
216
234
212
217
289
241
302
232
226
272
252
276
287
264
281
297
370
463
662
741
904
1299
1365
1526
1593
1332
1433
1417
1427
1420
1269
1221
1111
1014
955
816
699
670
571
555
510
491
462
444
471
416
384
404
457
438
312
319
371
375
303
363
297
294
278
261
223
263
254
215
223
192
160
156
171
162
134
110
96
101
84
76
85
58
50
58
44
48
23
32
27
36
28
28
22
21
24
15
20
17
23
14
33
18
26
24
12
17
15
15
17
14
21
26
20
22
21
27
27
23
29
38
22
30
49
71
100
