YvonneF
6
0
7
0
7
9
19
22
29
38
25
53
55
62
90
93
84
109
108
92
94
101
104
105
131
132
217
220
295
379
403
429
522
546
702
761
758
843
910
963
1067
1015
1133
1211
1242
1271
1214
1153
1494
2387
3036
3172
2607
2647
2321
2198
2113
1941
1792
1822
2477
2914
3043
3051
3244
3533
3625
3686
3558
3545
3586
3644
3323
3292
3399
3554
3379
3075
3132
2954
2824
2705
2572
2355
2374
2188
1904
1721
1539
1330
1290
1205
1208
1235
1159
1080
1007
908
793
751
736
730
667
671
712
649
676
558
519
455
447
359
329
274
271
211
239
229
210
205
177
195
172
125
127
128
132
122
127
